<experiment>
    <fileAuthor>Chemical Kinetics Laboratory, Institute of Chemistry, ELTE, Budapest, Hungary</fileAuthor>
    <fileDOI>10.24388/x20001123</fileDOI>
    <fileVersion>
        <major>2</major>
        <minor>0</minor>
    </fileVersion>
    <ReSpecThVersion>
        <major>2</major>
        <minor>3</minor>
    </ReSpecThVersion>
    <firstPublicationDate>2014-06-24</firstPublicationDate>
    <lastModificationDate>2020-11-18</lastModificationDate>
    <bibliographyLink>
        <description>B. Lewis; G. von Elbe, Combustion, Flames and Explosions of Gases. 2nd ed.; Academic Press: New York and London, 1961.</description>
        <location>Main Article</location>
        <figure>Fig. 192, H2/CO/O2/CO2/H2O, f = 1.00.</figure>
        <details>
            <address>Oldenbourg, Berlin</address>
            <author>Jahn, Georg</author>
            <school>Berlin</school>
            <title>Der Z{\"{u}}ndvorgang in Gasgemischen</title>
            <type>Dissertation</type>
            <year>1934</year>
        </details>
    </bibliographyLink>
    <experimentType>laminar burning velocity measurement</experimentType>
    <apparatus>
        <kind>flame</kind>
        <mode>premixed</mode>
        <mode>laminar</mode>
    </apparatus>
    <commonProperties>
        <property name="temperature"                   label="T"  sourcetype="reported"   units="K"    ><value>298</value></property>
        <property name="pressure"                      label="P"  sourcetype="reported"   units="atm"  ><value>1</value></property>
        <property name="evaluated standard deviation"  sourcetype="estimated"  units="cm/s"  reference="laminar burning velocity"  kind="absolute"  method="statistical scatter" ><value>2.15</value></property>
    </commonProperties>
    <dataGroup id="dg1">
        <property name="laminar burning velocity"  id="x1"   label="Sl"     sourcetype="digitized"   units="cm/s"          />
        <property name="composition"               id="x2"   label="[H2]"   sourcetype="calculated"  units="mole fraction" >
            <speciesLink preferredKey="H2"   CAS="1333-74-0"  InChI="1S/H2/h1H"    SMILES="[HH]"       chemName="hydrogen"        />
        </property>
        <property name="composition"               id="x3"   label="[CO]"   sourcetype="calculated"  units="mole fraction" >
            <speciesLink preferredKey="CO"   CAS="630-08-0"   InChI="1S/CO/c1-2"   SMILES="[C-]#[O+]"  chemName="carbon monoxide" />
        </property>
        <property name="composition"               id="x4"   label="[O2]"   sourcetype="calculated"  units="mole fraction" >
            <speciesLink preferredKey="O2"   CAS="7782-44-7"  InChI="1S/O2/c1-2"   SMILES="O=O"        chemName="oxygen"          />
        </property>
        <property name="composition"               id="x5"   label="[H2O]"  sourcetype="calculated"  units="mole fraction" >
            <speciesLink preferredKey="H2O"  CAS="7732-18-5"  InChI="1S/H2O/h1H2"  SMILES="O"          chemName="water"           />
        </property>
        <property name="composition"               id="x6"   label="[N2]"   sourcetype="calculated"  units="mole fraction" >
            <speciesLink preferredKey="N2"   CAS="7727-37-9"  InChI="1S/N2/c1-2"   SMILES="N#N"        chemName="nitrogen"        />
        </property>

        <dataPoint><x1>6.020000e+001</x1><x2>6.026130e-003</x2><x3>3.902924e-001</x3><x4>5.892841e-001</x4><x5>5.423517e-003</x5><x6>8.973870e-003</x6></dataPoint>
        <dataPoint><x1>7.187000e+001</x1><x2>6.979815e-003</x2><x3>4.520594e-001</x3><x4>5.266588e-001</x4><x5>6.281834e-003</x5><x6>8.020185e-003</x6></dataPoint>
        <dataPoint><x1>7.421000e+001</x1><x2>7.195125e-003</x2><x3>4.660043e-001</x3><x4>5.125201e-001</x4><x5>6.475613e-003</x5><x6>7.804875e-003</x6></dataPoint>
        <dataPoint><x1>8.567000e+001</x1><x2>8.225535e-003</x2><x3>5.327405e-001</x3><x4>4.448565e-001</x4><x5>7.402982e-003</x5><x6>6.774465e-003</x6></dataPoint>
        <dataPoint><x1>8.768000e+001</x1><x2>8.410080e-003</x2><x3>5.446928e-001</x3><x4>4.327381e-001</x4><x5>7.569072e-003</x5><x6>6.589920e-003</x6></dataPoint>
        <dataPoint><x1>9.129000e+001</x1><x2>8.794470e-003</x2><x3>5.695885e-001</x3><x4>4.074965e-001</x4><x5>7.915023e-003</x5><x6>6.205530e-003</x6></dataPoint>
        <dataPoint><x1>1.002100e+002</x1><x2>9.809145e-003</x2><x3>6.353056e-001</x3><x4>3.408661e-001</x4><x5>8.828231e-003</x5><x6>5.190855e-003</x6></dataPoint>
        <dataPoint><x1>9.978000e+001</x1><x2>9.962610e-003</x2><x3>6.452450e-001</x3><x4>3.307886e-001</x4><x5>8.966349e-003</x5><x6>5.037390e-003</x6></dataPoint>
        <dataPoint><x1>1.021200e+002</x1><x2>1.016256e-002</x2><x3>6.581951e-001</x3><x4>3.176586e-001</x4><x5>9.146304e-003</x5><x6>4.837440e-003</x6></dataPoint>
        <dataPoint><x1>1.049900e+002</x1><x2>1.062359e-002</x2><x3>6.880542e-001</x3><x4>2.873846e-001</x4><x5>9.561227e-003</x5><x6>4.376415e-003</x6></dataPoint>
        <dataPoint><x1>1.045600e+002</x1><x2>1.073100e-002</x2><x3>6.950111e-001</x3><x4>2.803310e-001</x4><x5>9.657900e-003</x5><x6>4.269000e-003</x6></dataPoint>
        <dataPoint><x1>1.062600e+002</x1><x2>1.122257e-002</x2><x3>7.268481e-001</x3><x4>2.480516e-001</x4><x5>1.010031e-002</x5><x6>3.777435e-003</x6></dataPoint>
        <dataPoint><x1>1.070100e+002</x1><x2>1.142226e-002</x2><x3>7.397817e-001</x3><x4>2.349383e-001</x4><x5>1.028003e-002</x5><x6>3.577740e-003</x6></dataPoint>
        <dataPoint><x1>1.071100e+002</x1><x2>1.163723e-002</x2><x3>7.537043e-001</x3><x4>2.208222e-001</x4><x5>1.047350e-002</x5><x6>3.362775e-003</x6></dataPoint>
        <dataPoint><x1>1.066900e+002</x1><x2>1.205169e-002</x2><x3>7.805478e-001</x3><x4>1.936057e-001</x4><x5>1.084652e-002</x5><x6>2.948310e-003</x6></dataPoint>
        <dataPoint><x1>1.045700e+002</x1><x2>1.241984e-002</x2><x3>8.043913e-001</x3><x4>1.694308e-001</x4><x5>1.117785e-002</x5><x6>2.580165e-003</x6></dataPoint>
        <dataPoint><x1>9.874000e+001</x1><x2>1.283348e-002</x2><x3>8.311814e-001</x3><x4>1.422685e-001</x4><x5>1.155013e-002</x5><x6>2.166525e-003</x6></dataPoint>
        <dataPoint><x1>7.765000e+001</x1><x2>1.347507e-002</x2><x3>8.727354e-001</x3><x4>1.001371e-001</x4><x5>1.212756e-002</x5><x6>1.524930e-003</x6></dataPoint>
        <dataPoint><x1>4.594000e+001</x1><x2>1.391544e-002</x2><x3>9.012567e-001</x3><x4>7.121944e-002</x4><x5>1.252390e-002</x5><x6>1.084560e-003</x6></dataPoint>
        <dataPoint><x1>3.247000e+001</x1><x2>1.399014e-002</x2><x3>9.060947e-001</x3><x4>6.631414e-002</x4><x5>1.259113e-002</x5><x6>1.009860e-003</x6></dataPoint>
    </dataGroup>
    <comment>Nitrogen content of the oxygen gas was missing from the composition in file version 1.0. This was corrected in file version 2.0.</comment>
</experiment>
