<experiment>
    <fileAuthor>Chemical Kinetics Laboratory, Institute of Chemistry, ELTE, Budapest, Hungary</fileAuthor>
    <fileDOI>10.24388/x20001127</fileDOI>
    <fileVersion>
        <major>2</major>
        <minor>0</minor>
    </fileVersion>
    <ReSpecThVersion>
        <major>2</major>
        <minor>3</minor>
    </ReSpecThVersion>
    <firstPublicationDate>2014-06-24</firstPublicationDate>
    <lastModificationDate>2020-11-18</lastModificationDate>
    <bibliographyLink>
        <description>B. Lewis; G. von Elbe, Combustion, Flames and Explosions of Gases. 2nd ed.; Academic Press: New York and London, 1961.</description>
        <location>Main Article</location>
        <figure>Fig. 192, H2/CO/O2/CO2/H2O, f = 0.30.</figure>
        <details>
            <address>Oldenbourg, Berlin</address>
            <author>Jahn, Georg</author>
            <school>Berlin</school>
            <title>Der Z{\"{u}}ndvorgang in Gasgemischen</title>
            <type>Dissertation</type>
            <year>1934</year>
        </details>
    </bibliographyLink>
    <experimentType>laminar burning velocity measurement</experimentType>
    <apparatus>
        <kind>flame</kind>
        <mode>premixed</mode>
        <mode>laminar</mode>
    </apparatus>
    <commonProperties>
        <property name="temperature"                   label="T"  sourcetype="reported"   units="K"    ><value>298</value></property>
        <property name="pressure"                      label="P"  sourcetype="reported"   units="atm"  ><value>1</value></property>
        <property name="evaluated standard deviation"  sourcetype="estimated"  units="cm/s"  reference="laminar burning velocity"  kind="absolute"  method="generic uncertainty" ><value>2.0</value></property>
    </commonProperties>
    <dataGroup id="dg1">
        <property name="laminar burning velocity"  id="x1"   label="Sl"     sourcetype="digitized"   units="cm/s"          />
        <property name="composition"               id="x2"   label="[H2]"   sourcetype="calculated"  units="mole fraction" >
            <speciesLink preferredKey="H2"   CAS="1333-74-0"  InChI="1S/H2/h1H"      SMILES="[HH]"       chemName="hydrogen"        />
        </property>
        <property name="composition"               id="x3"   label="[CO]"   sourcetype="calculated"  units="mole fraction" >
            <speciesLink preferredKey="CO"   CAS="630-08-0"   InChI="1S/CO/c1-2"     SMILES="[C-]#[O+]"  chemName="carbon monoxide" />
        </property>
        <property name="composition"               id="x4"   label="[O2]"   sourcetype="calculated"  units="mole fraction" >
            <speciesLink preferredKey="O2"   CAS="7782-44-7"  InChI="1S/O2/c1-2"     SMILES="O=O"        chemName="oxygen"          />
        </property>
        <property name="composition"               id="x5"   label="[CO2]"  sourcetype="calculated"  units="mole fraction" >
            <speciesLink preferredKey="CO2"  CAS="124-38-9"   InChI="1S/CO2/c2-1-3"  SMILES="C(=O)=O"    chemName="carbon dioxide"  />
        </property>
        <property name="composition"               id="x6"   label="[H2O]"  sourcetype="calculated"  units="mole fraction" >
            <speciesLink preferredKey="H2O"  CAS="7732-18-5"  InChI="1S/H2O/h1H2"    SMILES="O"          chemName="water"           />
        </property>
        <property name="composition"               id="x7"   label="[N2]"   sourcetype="calculated"  units="mole fraction" >
            <speciesLink preferredKey="N2"   CAS="7727-37-9"  InChI="1S/N2/c1-2"     SMILES="N#N"        chemName="nitrogen"        />
        </property>

        <dataPoint><x1>2.436000e+001</x1><x2>6.128100e-003</x2><x3>3.968966e-001</x3><x4>1.747764e-001</x4><x5>4.140220e-001</x5><x6>5.515290e-003</x6><x7>2.661570e-003</x7></dataPoint>
        <dataPoint><x1>3.052000e+001</x1><x2>7.034880e-003</x2><x3>4.556257e-001</x3><x4>1.569129e-001</x4><x5>3.717056e-001</x5><x6>6.331392e-003</x6><x7>2.389536e-003</x7></dataPoint>
        <dataPoint><x1>3.476000e+001</x1><x2>7.818540e-003</x2><x3>5.063808e-001</x3><x4>1.414748e-001</x4><x5>3.351348e-001</x5><x6>7.036686e-003</x6><x7>2.154438e-003</x7></dataPoint>
        <dataPoint><x1>3.731000e+001</x1><x2>8.386995e-003</x2><x3>5.431977e-001</x3><x4>1.302762e-001</x4><x5>3.086069e-001</x5><x6>7.548296e-003</x6><x7>1.983902e-003</x7></dataPoint>
        <dataPoint><x1>3.827000e+001</x1><x2>8.770980e-003</x2><x3>5.680671e-001</x3><x4>1.227117e-001</x4><x5>2.906876e-001</x5><x6>7.893882e-003</x6><x7>1.868706e-003</x7></dataPoint>
        <dataPoint><x1>3.954000e+001</x1><x2>9.108930e-003</x2><x3>5.899550e-001</x3><x4>1.160541e-001</x4><x5>2.749166e-001</x5><x6>8.198037e-003</x6><x7>1.767321e-003</x7></dataPoint>
        <dataPoint><x1>3.944000e+001</x1><x2>9.431340e-003</x2><x3>6.108365e-001</x3><x4>1.097026e-001</x4><x5>2.598708e-001</x5><x6>8.488206e-003</x6><x7>1.670598e-003</x7></dataPoint>
        <dataPoint><x1>3.913000e+001</x1><x2>9.815115e-003</x2><x3>6.356923e-001</x3><x4>1.021422e-001</x4><x5>2.419613e-001</x5><x6>8.833604e-003</x6><x7>1.555466e-003</x7></dataPoint>
        <dataPoint><x1>3.785000e+001</x1><x2>1.006058e-002</x2><x3>6.515899e-001</x3><x4>9.730667e-002</x4><x5>2.305065e-001</x5><x6>9.054518e-003</x6><x7>1.481828e-003</x7></dataPoint>
        <dataPoint><x1>3.711000e+001</x1><x2>1.021400e-002</x2><x3>6.615264e-001</x3><x4>9.428430e-002</x4><x5>2.233469e-001</x5><x6>9.192596e-003</x6><x7>1.435802e-003</x7></dataPoint>
        <dataPoint><x1>3.383000e+001</x1><x2>1.058196e-002</x2><x3>6.853583e-001</x3><x4>8.703539e-002</x4><x5>2.061752e-001</x5><x6>9.523764e-003</x6><x7>1.325412e-003</x7></dataPoint>
        <dataPoint><x1>3.001000e+001</x1><x2>1.079631e-002</x2><x3>6.992410e-001</x3><x4>8.281269e-002</x4><x5>1.961722e-001</x5><x6>9.716679e-003</x6><x7>1.261107e-003</x7></dataPoint>
        <dataPoint><x1>2.895000e+001</x1><x2>1.093434e-002</x2><x3>7.081808e-001</x3><x4>8.009350e-002</x4><x5>1.897308e-001</x5><x6>9.840906e-003</x6><x7>1.219698e-003</x7></dataPoint>
        <dataPoint><x1>2.599000e+001</x1><x2>1.107206e-002</x2><x3>7.171001e-001</x3><x4>7.738052e-002</x4><x5>1.833041e-001</x5><x6>9.964850e-003</x6><x7>1.178384e-003</x7></dataPoint>
        <dataPoint><x1>2.175000e+001</x1><x2>1.133241e-002</x2><x3>7.339624e-001</x3><x4>7.225152e-002</x4><x5>1.711542e-001</x5><x6>1.019917e-002</x6><x7>1.100277e-003</x7></dataPoint>
        <dataPoint><x1>1.878000e+001</x1><x2>1.154690e-002</x2><x3>7.478539e-001</x3><x4>6.802617e-002</x4><x5>1.611449e-001</x5><x6>1.039221e-002</x6><x7>1.035932e-003</x7></dataPoint>
        <dataPoint><x1>1.761000e+001</x1><x2>1.165419e-002</x2><x3>7.548030e-001</x3><x4>6.591246e-002</x4><x5>1.561378e-001</x5><x6>1.048877e-002</x6><x7>1.003743e-003</x7></dataPoint>
    </dataGroup>
    <comment>Nitrogen content of the oxygen gas was missing from the composition in file version 1.0. This was corrected in file version 2.0.</comment>
</experiment>
