<experiment>
    <fileAuthor>Chemical Kinetics Laboratory, Institute of Chemistry, ELTE, Budapest, Hungary</fileAuthor>
    <fileDOI>10.24388/x20001125</fileDOI>
    <fileVersion>
        <major>2</major>
        <minor>0</minor>
    </fileVersion>
    <ReSpecThVersion>
        <major>2</major>
        <minor>3</minor>
    </ReSpecThVersion>
    <firstPublicationDate>2014-06-24</firstPublicationDate>
    <lastModificationDate>2020-11-18</lastModificationDate>
    <bibliographyLink>
        <description>B. Lewis; G. von Elbe, Combustion, Flames and Explosions of Gases. 2nd ed.; Academic Press: New York and London, 1961.</description>
        <location>Main Article</location>
        <figure>Fig. 192, H2/CO/O2/CO2/H2O, f = 0.60.</figure>
        <details>
            <address>Oldenbourg, Berlin</address>
            <author>Jahn, Georg</author>
            <school>Berlin</school>
            <title>Der Z{\"{u}}ndvorgang in Gasgemischen</title>
            <type>Dissertation</type>
            <year>1934</year>
        </details>
    </bibliographyLink>
    <experimentType>laminar burning velocity measurement</experimentType>
    <apparatus>
        <kind>flame</kind>
        <mode>premixed</mode>
        <mode>laminar</mode>
    </apparatus>
    <commonProperties>
        <property name="temperature"                   label="T"  sourcetype="reported"   units="K"    ><value>298</value></property>
        <property name="pressure"                      label="P"  sourcetype="reported"   units="atm"  ><value>1</value></property>
        <property name="evaluated standard deviation"  sourcetype="estimated"  units="cm/s"  reference="laminar burning velocity"  kind="absolute"  method="generic uncertainty" ><value>2.0</value></property>
    </commonProperties>
    <dataGroup id="dg1">
        <property name="laminar burning velocity"  id="x1"   label="Sl"     sourcetype="digitized"   units="cm/s"          />
        <property name="composition"               id="x2"   label="[H2]"   sourcetype="calculated"  units="mole fraction" >
            <speciesLink preferredKey="H2"   CAS="1333-74-0"  InChI="1S/H2/h1H"      SMILES="[HH]"       chemName="hydrogen"        />
        </property>
        <property name="composition"               id="x3"   label="[CO]"   sourcetype="calculated"  units="mole fraction" >
            <speciesLink preferredKey="CO"   CAS="630-08-0"   InChI="1S/CO/c1-2"     SMILES="[C-]#[O+]"  chemName="carbon monoxide" />
        </property>
        <property name="composition"               id="x4"   label="[O2]"   sourcetype="calculated"  units="mole fraction" >
            <speciesLink preferredKey="O2"   CAS="7782-44-7"  InChI="1S/O2/c1-2"     SMILES="O=O"        chemName="oxygen"          />
        </property>
        <property name="composition"               id="x5"   label="[CO2]"  sourcetype="calculated"  units="mole fraction" >
            <speciesLink preferredKey="CO2"  CAS="124-38-9"   InChI="1S/CO2/c2-1-3"  SMILES="C(=O)=O"    chemName="carbon dioxide"  />
        </property>
        <property name="composition"               id="x6"   label="[H2O]"  sourcetype="calculated"  units="mole fraction" >
            <speciesLink preferredKey="H2O"  CAS="7732-18-5"  InChI="1S/H2O/h1H2"    SMILES="O"          chemName="water"           />
        </property>
        <property name="composition"               id="x7"   label="[N2]"   sourcetype="calculated"  units="mole fraction" >
            <speciesLink preferredKey="N2"   CAS="7727-37-9"  InChI="1S/N2/c1-2"     SMILES="N#N"        chemName="nitrogen"        />
        </property>

        <dataPoint><x1>4.791000e+001</x1><x2>6.822600e-003</x2><x3>4.418771e-001</x3><x4>3.221896e-001</x4><x5>2.180640e-001</x5><x6>6.140340e-003</x6><x7>4.906440e-003</x7></dataPoint>
        <dataPoint><x1>5.427000e+001</x1><x2>7.437705e-003</x2><x3>4.817154e-001</x3><x4>2.979544e-001</x4><x5>2.016612e-001</x5><x6>6.693935e-003</x6><x7>4.537377e-003</x7></dataPoint>
        <dataPoint><x1>6.213000e+001</x1><x2>8.298690e-003</x2><x3>5.374785e-001</x3><x4>2.640316e-001</x4><x5>1.787016e-001</x5><x6>7.468821e-003</x6><x7>4.020786e-003</x7></dataPoint>
        <dataPoint><x1>6.690000e+001</x1><x2>8.744655e-003</x2><x3>5.663622e-001</x3><x4>2.464606e-001</x4><x5>1.668092e-001</x5><x6>7.870190e-003</x6><x7>3.753207e-003</x7></dataPoint>
        <dataPoint><x1>6.637000e+001</x1><x2>8.867400e-003</x2><x3>5.743119e-001</x3><x4>2.416244e-001</x4><x5>1.635360e-001</x5><x6>7.980660e-003</x6><x7>3.679560e-003</x7></dataPoint>
        <dataPoint><x1>7.062000e+001</x1><x2>9.436125e-003</x2><x3>6.111464e-001</x3><x4>2.192167e-001</x4><x5>1.483700e-001</x5><x6>8.492513e-003</x6><x7>3.338325e-003</x7></dataPoint>
        <dataPoint><x1>7.221000e+001</x1><x2>9.605250e-003</x2><x3>6.221000e-001</x3><x4>2.125532e-001</x4><x5>1.438600e-001</x5><x6>8.644725e-003</x6><x7>3.236850e-003</x7></dataPoint>
        <dataPoint><x1>7.168000e+001</x1><x2>9.789405e-003</x2><x3>6.340271e-001</x3><x4>2.052974e-001</x4><x5>1.389492e-001</x5><x6>8.810465e-003</x6><x7>3.126357e-003</x7></dataPoint>
        <dataPoint><x1>7.550000e+001</x1><x2>1.015847e-002</x2><x3>6.579299e-001</x3><x4>1.907565e-001</x4><x5>1.291076e-001</x5><x6>9.142619e-003</x6><x7>2.904921e-003</x7></dataPoint>
        <dataPoint><x1>7.678000e+001</x1><x2>1.052714e-002</x2><x3>6.818074e-001</x3><x4>1.762309e-001</x4><x5>1.192764e-001</x5><x6>9.474422e-003</x6><x7>2.683719e-003</x7></dataPoint>
        <dataPoint><x1>7.731000e+001</x1><x2>1.078823e-002</x2><x3>6.987174e-001</x3><x4>1.659439e-001</x4><x5>1.123140e-001</x5><x6>9.709403e-003</x6><x7>2.527065e-003</x7></dataPoint>
        <dataPoint><x1>7.795000e+001</x1><x2>1.101863e-002</x2><x3>7.136396e-001</x3><x4>1.568662e-001</x4><x5>1.061700e-001</x5><x6>9.916763e-003</x6><x7>2.388825e-003</x7></dataPoint>
        <dataPoint><x1>7.763000e+001</x1><x2>1.124888e-002</x2><x3>7.285521e-001</x3><x4>1.477943e-001</x4><x5>1.000300e-001</x5><x6>1.012399e-002</x6><x7>2.250675e-003</x7></dataPoint>
        <dataPoint><x1>7.519000e+001</x1><x2>1.135596e-002</x2><x3>7.354877e-001</x3><x4>1.435752e-001</x4><x5>9.717440e-002</x5><x6>1.022036e-002</x6><x7>2.186424e-003</x7></dataPoint>
        <dataPoint><x1>7.583000e+001</x1><x2>1.149425e-002</x2><x3>7.444439e-001</x3><x4>1.381267e-001</x4><x5>9.348680e-002</x5><x6>1.034482e-002</x6><x7>2.103453e-003</x7></dataPoint>
        <dataPoint><x1>7.382000e+001</x1><x2>1.173959e-002</x2><x3>7.603338e-001</x3><x4>1.284604e-001</x4><x5>8.694440e-002</x5><x6>1.056563e-002</x6><x7>1.956249e-003</x7></dataPoint>
        <dataPoint><x1>6.894000e+001</x1><x2>1.216872e-002</x2><x3>7.881274e-001</x3><x4>1.115524e-001</x4><x5>7.550080e-002</x5><x6>1.095185e-002</x6><x7>1.698768e-003</x7></dataPoint>
        <dataPoint><x1>6.332000e+001</x1><x2>1.244421e-002</x2><x3>8.059700e-001</x3><x4>1.006981e-001</x4><x5>6.815440e-002</x5><x6>1.119979e-002</x6><x7>1.533474e-003</x7></dataPoint>
        <dataPoint><x1>5.410000e+001</x1><x2>1.278057e-002</x2><x3>8.277549e-001</x3><x4>8.744554e-002</x4><x5>5.918480e-002</x5><x6>1.150251e-002</x6><x7>1.331658e-003</x7></dataPoint>
        <dataPoint><x1>4.360000e+001</x1><x2>1.300926e-002</x2><x3>8.425664e-001</x3><x4>7.843516e-002</x4><x5>5.308640e-002</x5><x6>1.170833e-002</x6><x7>1.194444e-003</x7></dataPoint>
        <dataPoint><x1>3.523000e+001</x1><x2>1.316150e-002</x2><x3>8.524262e-001</x3><x4>7.243710e-002</x4><x5>4.902680e-002</x5><x6>1.184535e-002</x6><x7>1.103103e-003</x7></dataPoint>
    </dataGroup>
    <comment>Nitrogen content of the oxygen gas was missing from the composition in file version 1.0. This was corrected in file version 2.0.</comment>
</experiment>
