*
t[ms]       	T[K]        	X-N2        	X-AR        	X-H         	X-O2        	X-O         	X-OH        	X-H2        	X-H2O       	X-HE        	X-HO2       	X-H2O2      	X-CO        	X-CO2       	X-HCO       	X-CH3       	X-CH4       	X-CH2O      	X-CH3O      	X-C2H6      	X-CH2OH     	X-CH3OH     
0.000000E+00	1.266000E+03	0.000000E+00	9.900000E-01	0.000000E+00	0.000000E+00	0.000000E+00	0.000000E+00	0.000000E+00	0.000000E+00	0.000000E+00	0.000000E+00	0.000000E+00	0.000000E+00	0.000000E+00	0.000000E+00	0.000000E+00	0.000000E+00	0.000000E+00	0.000000E+00	0.000000E+00	0.000000E+00	1.000000E-02
1.000000E-06	1.266000E+03	0.000000E+00	9.900000E-01	9.156198E-15	3.218305E-37	2.838986E-25	2.711411E-12	7.714483E-18	3.956173E-15	0.000000E+00	5.683840E-31	9.028509E-27	1.725846E-27	2.872351E-41	1.463300E-28	2.715359E-12	8.126640E-18	1.496941E-17	1.742193E-15	1.469620E-24	1.136379E-14	1.000000E-02
2.142709E-05	1.266000E+03	0.000000E+00	9.900000E-01	2.960158E-13	1.001263E-30	2.445350E-21	5.649464E-11	5.102349E-15	1.687768E-12	0.000000E+00	5.049203E-26	8.004419E-23	2.512145E-22	1.771783E-33	5.511166E-23	5.817885E-11	3.564894E-15	1.050829E-13	6.372341E-13	1.378267E-20	1.150154E-12	1.000000E-02
7.878539E-05	1.266000E+03	0.000000E+00	9.900000E-01	2.292987E-12	1.595385E-28	6.032842E-20	1.995347E-10	8.374599E-14	1.439656E-11	0.000000E+00	2.501861E-24	2.023149E-21	8.339603E-21	3.821150E-31	4.292899E-21	2.138998E-10	3.137329E-14	1.655930E-12	4.700602E-12	3.754012E-19	8.875949E-12	1.000000E-02
1.361437E-04	1.266000E+03	0.000000E+00	9.900000E-01	6.481432E-12	9.600164E-28	2.327789E-19	3.324960E-10	3.187784E-13	3.718399E-11	0.000000E+00	1.272807E-23	7.921800E-21	3.856515E-20	2.420636E-30	2.357793E-20	3.695971E-10	8.294055E-14	5.554639E-12	1.092035E-11	1.537122E-18	2.235629E-11	1.000000E-02
1.935020E-04	1.266000E+03	0.000000E+00	9.900000E-01	1.356233E-11	4.352089E-27	5.680337E-19	4.552490E-10	8.340718E-13	7.017981E-11	0.000000E+00	3.843029E-23	1.961154E-20	1.161537E-19	1.305498E-29	9.178388E-20	5.252685E-10	1.602430E-13	1.262606E-11	1.858835E-11	4.027274E-18	4.173005E-11	9.999999E-03
2.855940E-04	1.266000E+03	0.000000E+00	9.900000E-01	3.186422E-11	2.692597E-26	1.550249E-18	6.326363E-10	2.712695E-12	1.428560E-10	0.000000E+00	1.321296E-22	5.503950E-20	4.736846E-19	1.325507E-28	4.697073E-19	7.751524E-10	3.398745E-13	3.196403E-11	3.205897E-11	1.249754E-17	8.449845E-11	9.999999E-03
3.776860E-04	1.266000E+03	0.000000E+00	9.900000E-01	5.860408E-11	8.879118E-26	3.106853E-18	7.878948E-10	6.370352E-12	2.376609E-10	0.000000E+00	3.143861E-22	1.132183E-19	1.315433E-18	5.049578E-28	1.383875E-18	1.024968E-09	5.880852E-13	6.151901E-11	4.583952E-11	2.817684E-17	1.407163E-10	9.999999E-03
4.697780E-04	1.266000E+03	0.000000E+00	9.900000E-01	9.320153E-11	2.206016E-25	5.252462E-18	9.236188E-10	1.241066E-11	3.520003E-10	0.000000E+00	5.989384E-22	1.963345E-19	2.972747E-18	1.578812E-27	3.178759E-18	1.274714E-09	9.050464E-13	1.013142E-10	5.901903E-11	5.328737E-17	2.092807E-10	9.999998E-03
5.618701E-04	1.266000E+03	0.000000E+00	9.900000E-01	1.346931E-10	4.588008E-25	7.959874E-18	1.042208E-09	2.139145E-11	4.834743E-10	0.000000E+00	9.954654E-22	3.051929E-19	5.882358E-18	4.151520E-27	6.210292E-18	1.524391E-09	1.290803E-12	1.509441E-10	7.118463E-11	9.009388E-17	2.891683E-10	9.999998E-03
7.090236E-04	1.266000E+03	0.000000E+00	9.900000E-01	2.125695E-10	1.155905E-24	1.331832E-17	1.201361E-09	4.301640E-11	7.238963E-10	0.000000E+00	1.872717E-21	5.320466E-19	1.453159E-17	1.534449E-26	1.445275E-17	1.923207E-09	2.049992E-12	2.490992E-10	8.830326E-11	1.788911E-16	4.380469E-10	9.999997E-03
8.561770E-04	1.266000E+03	0.000000E+00	9.900000E-01	3.012816E-10	2.376124E-24	1.967881E-17	1.329114E-09	7.482639E-11	9.957184E-10	0.000000E+00	3.044655E-21	8.192594E-19	3.031828E-17	4.176835E-26	2.792944E-17	2.321847E-09	2.984793E-12	3.682750E-10	1.027214E-10	3.121029E-16	6.103658E-10	9.999997E-03
1.003331E-03	1.266000E+03	0.000000E+00	9.900000E-01	3.971258E-10	4.256344E-24	2.674501E-17	1.431747E-09	1.179938E-10	1.292661E-09	0.000000E+00	4.498336E-21	1.161062E-18	5.640422E-17	9.750148E-26	4.765436E-17	2.720311E-09	4.095139E-12	5.059404E-10	1.148280E-10	4.991191E-16	8.031599E-10	9.999996E-03
1.316875E-03	1.266000E+03	0.000000E+00	9.900000E-01	6.138366E-10	1.092230E-23	4.285331E-17	1.586864E-09	2.503428E-10	1.988930E-09	0.000000E+00	8.402401E-21	2.034558E-18	1.640344E-16	4.327040E-25	1.134218E-16	3.568746E-09	7.046156E-12	8.521323E-10	1.347490E-10	1.120807E-15	1.271484E-09	9.999994E-03
1.630420E-03	1.266000E+03	0.000000E+00	9.900000E-01	8.327296E-10	2.170125E-23	5.878574E-17	1.684023E-09	4.401785E-10	2.743158E-09	0.000000E+00	1.320331E-20	3.054888E-18	3.736995E-16	1.325624E-24	2.146460E-16	4.416384E-09	1.079310E-11	1.257993E-09	1.490500E-10	2.120574E-15	1.801999E-09	9.999992E-03
1.943965E-03	1.266000E+03	0.000000E+00	9.900000E-01	1.043804E-09	3.667884E-23	7.366965E-17	1.746277E-09	6.873268E-10	3.532291E-09	0.000000E+00	1.872850E-20	4.183026E-18	7.248485E-16	3.236096E-24	3.519830E-16	5.263226E-09	1.533527E-11	1.713349E-09	1.597722E-10	3.588054E-15	2.379609E-09	9.999990E-03
2.257510E-03	1.266000E+03	0.000000E+00	9.900000E-01	1.243567E-09	5.584722E-23	8.681908E-17	1.786756E-09	9.892796E-10	4.343199E-09	0.000000E+00	2.477577E-20	5.375289E-18	1.257587E-15	6.783513E-24	5.254009E-16	6.109272E-09	2.067193E-11	2.212199E-09	1.681373E-10	5.612413E-15	2.993454E-09	9.999988E-03
2.571055E-03	1.266000E+03	0.000000E+00	9.900000E-01	1.431639E-09	7.879847E-23	9.808771E-17	1.813140E-09	1.342788E-09	5.168202E-09	0.000000E+00	3.119149E-20	6.601264E-18	2.011555E-15	1.273977E-23	7.342806E-16	6.954523E-09	2.680238E-11	2.750915E-09	1.748733E-10	8.282519E-15	3.635505E-09	9.999986E-03
2.884599E-03	1.266000E+03	0.000000E+00	9.900000E-01	1.608841E-09	1.051381E-22	1.077058E-16	1.830246E-09	1.744674E-09	6.002483E-09	0.000000E+00	3.788041E-20	7.843986E-18	3.025541E-15	2.202691E-23	9.779519E-16	7.798980E-09	3.372590E-11	3.327139E-09	1.804539E-10	1.168700E-14	4.299650E-09	9.999984E-03
3.198144E-03	1.266000E+03	0.000000E+00	9.900000E-01	1.776377E-09	1.345410E-22	1.160199E-16	1.841261E-09	2.192113E-09	6.842856E-09	0.000000E+00	4.478704E-20	9.094570E-18	4.337677E-15	3.571470E-23	1.256117E-15	8.642643E-09	4.144177E-11	3.939252E-09	1.852130E-10	1.591423E-14	4.981161E-09	9.999982E-03
3.511689E-03	1.266000E+03	0.000000E+00	9.900000E-01	1.935546E-09	1.667329E-22	1.233409E-16	1.848325E-09	2.682680E-09	7.687180E-09	0.000000E+00	5.187653E-20	1.034792E-17	5.985913E-15	5.501817E-23	1.568966E-15	9.485514E-09	4.994926E-11	4.586128E-09	1.893898E-10	2.105238E-14	5.676361E-09	9.999980E-03
3.825234E-03	1.266000E+03	0.000000E+00	9.900000E-01	2.087624E-09	2.014873E-22	1.299056E-16	1.852853E-09	3.214323E-09	8.534041E-09	0.000000E+00	5.912411E-20	1.160064E-17	8.008536E-15	8.129704E-23	1.917091E-15	1.032759E-08	5.924766E-11	5.266990E-09	1.931529E-10	2.718932E-14	6.382388E-09	9.999978E-03
4.362390E-03	1.266000E+03	0.000000E+00	9.900000E-01	2.334980E-09	2.665761E-22	1.399101E-16	1.857072E-09	4.215916E-09	9.988402E-09	0.000000E+00	7.186687E-20	1.374056E-17	1.245716E-14	1.470207E-22	2.598378E-15	1.176838E-08	7.701344E-11	6.511045E-09	1.989447E-10	4.027615E-14	7.611134E-09	9.999974E-03
4.899546E-03	1.266000E+03	0.000000E+00	9.900000E-01	2.570001E-09	3.382217E-22	1.488457E-16	1.859075E-09	5.326491E-09	1.144498E-08	0.000000E+00	8.496517E-20	1.586582E-17	1.832403E-14	2.463836E-22	3.391449E-15	1.320685E-08	9.709475E-11	7.851754E-09	2.042291E-10	5.699052E-14	8.857239E-09	9.999970E-03
5.436703E-03	1.266000E+03	0.000000E+00	9.900000E-01	2.796648E-09	4.160013E-22	1.570637E-16	1.860151E-09	6.541234E-09	1.290249E-08	0.000000E+00	9.836887E-20	1.797057E-17	2.582286E-14	3.892774E-22	4.302357E-15	1.464300E-08	1.194880E-10	9.288262E-09	2.092247E-10	7.776942E-14	1.011523E-08	9.999965E-03
6.280522E-03	1.266000E+03	0.000000E+00	9.900000E-01	3.142210E-09	5.500302E-22	1.690938E-16	1.861167E-09	8.652549E-09	1.519278E-08	0.000000E+00	1.199758E-19	2.122915E-17	4.144874E-14	7.297188E-22	5.989005E-15	1.689438E-08	1.593253E-10	1.173749E-08	2.167573E-10	1.196627E-13	1.210750E-08	9.999959E-03
7.124341E-03	1.265999E+03	0.000000E+00	9.900000E-01	3.480564E-09	6.986574E-22	1.807560E-16	1.861595E-09	1.100628E-08	1.748367E-08	0.000000E+00	1.422594E-19	2.443469E-17	6.261826E-14	1.259247E-21	8.018564E-15	1.914007E-08	2.048449E-10	1.442194E-08	2.240605E-10	1.743328E-13	1.411344E-08	9.999952E-03
7.968161E-03	1.265999E+03	0.000000E+00	9.900000E-01	3.815165E-09	8.622473E-22	1.920455E-16	1.861480E-09	1.359919E-08	1.977512E-08	0.000000E+00	1.651791E-19	2.758414E-17	9.036774E-14	2.040187E-21	1.041721E-14	2.138008E-08	2.560328E-10	1.734183E-08	2.312205E-10	2.434415E-13	1.612943E-08	9.999944E-03
8.811980E-03	1.265999E+03	0.000000E+00	9.900000E-01	4.147893E-09	1.040658E-21	2.032783E-16	1.861197E-09	1.642958E-08	2.206676E-08	0.000000E+00	1.887496E-19	3.068221E-17	1.258276E-13	3.147553E-21	1.322227E-14	2.361442E-08	3.128753E-10	2.049735E-08	2.383180E-10	3.286378E-13	1.815312E-08	9.999937E-03
9.655800E-03	1.265999E+03	0.000000E+00	9.900000E-01	4.479981E-09	1.234844E-21	2.146567E-16	1.861063E-09	1.949652E-08	2.435827E-08	0.000000E+00	2.129919E-19	3.373369E-17	1.702288E-13	4.669456E-21	1.646887E-14	2.584311E-08	3.753584E-10	2.388881E-08	2.454129E-10	4.315581E-13	2.018289E-08	9.999929E-03
1.111716E-02	1.265999E+03	0.000000E+00	9.899999E-01	5.055820E-09	1.609112E-21	2.343943E-16	1.861085E-09	2.536677E-08	2.832661E-08	0.000000E+00	2.565301E-19	3.890633E-17	2.722083E-13	8.592543E-21	2.322041E-14	2.968951E-08	4.968722E-10	3.032184E-08	2.577377E-10	6.564984E-13	2.371027E-08	9.999915E-03
1.357312E-02	1.265999E+03	0.000000E+00	9.899999E-01	6.029274E-09	2.345932E-21	2.673785E-16	1.861319E-09	3.683137E-08	3.499578E-08	0.000000E+00	3.340051E-19	4.727323E-17	5.341330E-13	2.051668E-20	3.821131E-14	3.611582E-08	7.389050E-10	4.273812E-08	2.785923E-10	1.188237E-12	2.966962E-08	9.999890E-03
1.602908E-02	1.265999E+03	0.000000E+00	9.899999E-01	7.008883E-09	3.228432E-21	3.000942E-16	1.861399E-09	5.031402E-08	4.166541E-08	0.000000E+00	4.168304E-19	5.524073E-17	9.456437E-13	4.268955E-20	5.847333E-14	4.249485E-08	1.028066E-09	5.717884E-08	2.995627E-10	1.946277E-12	3.566922E-08	9.999862E-03
1.848504E-02	1.265998E+03	0.000000E+00	9.899999E-01	7.992662E-09	4.269963E-21	3.321501E-16	1.861375E-09	6.583025E-08	4.833551E-08	0.000000E+00	5.048805E-19	6.282105E-17	1.553894E-12	8.050788E-20	8.466586E-14	4.882693E-08	1.364022E-09	7.365752E-08	3.206066E-10	2.968638E-12	4.171058E-08	9.999833E-03
2.094100E-02	1.265998E+03	0.000000E+00	9.899999E-01	8.982112E-09	5.483445E-21	3.649664E-16	1.861446E-09	8.339155E-08	5.500595E-08	0.000000E+00	5.982980E-19	7.004684E-17	2.413665E-12	1.410399E-19	1.179729E-13	5.511237E-08	1.746441E-09	9.218716E-08	3.417792E-10	4.292476E-12	4.779150E-08	9.999801E-03
2.339696E-02	1.265998E+03	0.000000E+00	9.899998E-01	9.978925E-09	6.887102E-21	3.983169E-16	1.861609E-09	1.030092E-07	6.167681E-08	0.000000E+00	6.971746E-19	7.694150E-17	3.587497E-12	2.333484E-19	1.591731E-13	6.135151E-08	2.174997E-09	1.127807E-07	3.631201E-10	5.954099E-12	5.390977E-08	9.999768E-03
2.585292E-02	1.265998E+03	0.000000E+00	9.899998E-01	1.098284E-08	8.483733E-21	4.312954E-16	1.861779E-09	1.246964E-07	6.834822E-08	0.000000E+00	8.014329E-19	8.351530E-17	5.144397E-12	3.686928E-19	2.089077E-13	6.754466E-08	2.649364E-09	1.354511E-07	3.846152E-10	7.988979E-12	6.006530E-08	9.999732E-03
2.830887E-02	1.265997E+03	0.000000E+00	9.899998E-01	1.199290E-08	1.027716E-20	4.640187E-16	1.861944E-09	1.484672E-07	7.502029E-08	0.000000E+00	9.109726E-19	8.977911E-17	7.159891E-12	5.607542E-19	2.681008E-13	7.369215E-08	3.169218E-09	1.602113E-07	4.062408E-10	1.043177E-11	6.625862E-08	9.999694E-03
3.076483E-02	1.265997E+03	0.000000E+00	9.899997E-01	1.300880E-08	1.228123E-20	4.969491E-16	1.862133E-09	1.743346E-07	8.169304E-08	0.000000E+00	1.025764E-18	9.574854E-17	9.717165E-12	8.259845E-19	3.377796E-13	7.979431E-08	3.734240E-09	1.870740E-07	4.279927E-10	1.331631E-11	7.248954E-08	9.999654E-03
3.516236E-02	1.265996E+03	0.000000E+00	9.899997E-01	1.484282E-08	1.643627E-20	5.562313E-16	1.862531E-09	2.259287E-07	9.364292E-08	0.000000E+00	1.244411E-18	1.057489E-16	1.594248E-11	1.547783E-18	4.915889E-13	9.060828E-08	4.857787E-09	2.404650E-07	4.672657E-10	1.968873E-11	8.373845E-08	9.999576E-03
3.955988E-02	1.265996E+03	0.000000E+00	9.899996E-01	1.669627E-08	2.136456E-20	6.154608E-16	1.862990E-09	2.843555E-07	1.055957E-07	0.000000E+00	1.479843E-18	1.149307E-16	2.478770E-11	2.709782E-18	6.871849E-13	1.012798E-07	6.123333E-09	3.007075E-07	5.069594E-10	2.776651E-11	9.510314E-08	9.999492E-03
4.395740E-02	1.265995E+03	0.000000E+00	9.899995E-01	1.856852E-08	2.713258E-20	6.748255E-16	1.863519E-09	3.496856E-07	1.175518E-07	0.000000E+00	1.731951E-18	1.233652E-16	3.691736E-11	4.492783E-18	9.298854E-13	1.118107E-07	7.529107E-09	3.678707E-07	5.470608E-10	3.772539E-11	1.065816E-07	9.999401E-03
4.835493E-02	1.265994E+03	0.000000E+00	9.899994E-01	2.045894E-08	3.380656E-20	7.344008E-16	1.864124E-09	4.219885E-07	1.295116E-07	0.000000E+00	2.000572E-18	1.311164E-16	5.307751E-11	7.124699E-18	1.225448E-12	1.222029E-07	9.073366E-09	4.420227E-07	5.875562E-10	4.973362E-11	1.181720E-07	9.999302E-03
5.528565E-02	1.265993E+03	0.000000E+00	9.899993E-01	2.347458E-08	4.628514E-20	8.284953E-16	1.865217E-09	5.502597E-07	1.483697E-07	0.000000E+00	2.457116E-18	1.420796E-16	8.877536E-11	1.370206E-17	1.812927E-12	1.383043E-07	1.178418E-08	5.732373E-07	6.521633E-10	7.320644E-11	1.366604E-07	9.999132E-03
6.221638E-02	1.265992E+03	0.000000E+00	9.899991E-01	2.653373E-08	6.137353E-20	9.228668E-16	1.866483E-09	6.962773E-07	1.672401E-07	0.000000E+00	2.953853E-18	1.516851E-16	1.402855E-10	2.454224E-17	2.569338E-12	1.540729E-07	1.482817E-08	7.222291E-07	7.177132E-10	1.027625E-10	1.554117E-07	9.998943E-03
6.914710E-02	1.265990E+03	0.000000E+00	9.899989E-01	2.963498E-08	7.932412E-20	1.017691E-15	1.867941E-09	8.602925E-07	1.861249E-07	0.000000E+00	3.490387E-18	1.601148E-16	2.118709E-10	4.153589E-17	3.519461E-12	1.695160E-07	1.819892E-08	8.892421E-07	7.841770E-10	1.389555E-10	1.744174E-07	9.998737E-03
7.607783E-02	1.265989E+03	0.000000E+00	9.899987E-01	3.277667E-08	1.004167E-19	1.112840E-15	1.869595E-09	1.042549E-06	2.050259E-07	0.000000E+00	4.066230E-18	1.675290E-16	3.083622E-10	6.711819E-17	4.686999E-12	1.846407E-07	2.189020E-08	1.074512E-06	8.515186E-10	1.823003E-10	1.936690E-07	9.998511E-03
8.980867E-02	1.265985E+03	0.000000E+00	9.899983E-01	3.911509E-08	1.524379E-19	1.302586E-15	1.873473E-09	1.458414E-06	2.425281E-07	0.000000E+00	5.321278E-18	1.797379E-16	5.949477E-10	1.560433E-16	7.745573E-12	2.136931E-07	3.012615E-08	1.496352E-06	9.874141E-10	2.911338E-10	2.325027E-07	9.998008E-03
1.035395E-01	1.265982E+03	0.000000E+00	9.899977E-01	4.559677E-08	2.197594E-19	1.494063E-15	1.878185E-09	1.948541E-06	2.801190E-07	0.000000E+00	6.724747E-18	1.893529E-16	1.050544E-09	3.248459E-16	1.196875E-11	2.415795E-07	3.955130E-08	1.992391E-06	1.126424E-09	4.332055E-10	2.722028E-07	9.997428E-03
1.172703E-01	1.265977E+03	0.000000E+00	9.899971E-01	5.221142E-08	3.046315E-19	1.687782E-15	1.883770E-09	2.514562E-06	3.178164E-07	0.000000E+00	8.272774E-18	1.970478E-16	1.734288E-09	6.214796E-16	1.757294E-11	2.683545E-07	5.012294E-08	2.564156E-06	1.268329E-09	6.113512E-10	3.127050E-07	9.996772E-03
1.310012E-01	1.265972E+03	0.000000E+00	9.899965E-01	5.894887E-08	4.094187E-19	1.883968E-15	1.890273E-09	3.157998E-06	3.556386E-07	0.000000E+00	9.961957E-18	2.033451E-16	2.715591E-09	1.112814E-15	2.478368E-11	2.940720E-07	6.180083E-08	3.213045E-06	1.412910E-09	8.279781E-10	3.539460E-07	9.996036E-03
1.447320E-01	1.265967E+03	0.000000E+00	9.899957E-01	6.579922E-08	5.363283E-19	2.082486E-15	1.897725E-09	3.880260E-06	3.936047E-07	0.000000E+00	1.178896E-17	2.086385E-16	4.074539E-09	1.889331E-15	3.383369E-11	3.187851E-07	7.454718E-08	3.940324E-06	1.559954E-09	1.085118E-09	3.958636E-07	9.995219E-03
1.666421E-01	1.265958E+03	0.000000E+00	9.899943E-01	7.693997E-08	7.900716E-19	2.404852E-15	1.911649E-09	5.199201E-06	4.545343E-07	0.000000E+00	1.498144E-17	2.157304E-16	7.255316E-09	4.029934E-15	5.267809E-11	3.562672E-07	9.701189E-08	5.265954E-06	1.799173E-09	1.583463E-09	4.640014E-07	9.993747E-03
1.885522E-01	1.265947E+03	0.000000E+00	9.899927E-01	8.830522E-08	1.114790E-18	2.735184E-15	1.928157E-09	6.726885E-06	5.159644E-07	0.000000E+00	1.850359E-17	2.218883E-16	1.206259E-08	7.891800E-15	7.780958E-11	3.915276E-07	1.219756E-07	6.798011E-06	2.043304E-09	2.194664E-09	5.334666E-07	9.992063E-03
2.104623E-01	1.265935E+03	0.000000E+00	9.899909E-01	9.985819E-08	1.519891E-18	3.074467E-15	1.947317E-09	8.467412E-06	5.779811E-07	0.000000E+00	2.234416E-17	2.276834E-16	1.899985E-08	1.444052E-14	1.102425E-10	4.247624E-07	1.493208E-07	8.539668E-06	2.291549E-09	2.922628E-09	6.040277E-07	9.990164E-03
2.323723E-01	1.265922E+03	0.000000E+00	9.899889E-01	1.115637E-07	2.015023E-18	3.423712E-15	1.969168E-09	1.042427E-05	6.406724E-07	0.000000E+00	2.649359E-17	2.335111E-16	2.864611E-08	2.501482E-14	1.509988E-10	4.561581E-07	1.789433E-07	1.049334E-05	2.543141E-09	3.770102E-09	6.754624E-07	9.988045E-03
2.542824E-01	1.265907E+03	0.000000E+00	9.899867E-01	1.233883E-07	2.609957E-18	3.783930E-15	1.993725E-09	1.260035E-05	7.041271E-07	0.000000E+00	3.094382E-17	2.396538E-16	4.165619E-08	4.142054E-14	2.010962E-10	4.858910E-07	2.107519E-07	1.266069E-05	2.797350E-09	4.738984E-09	7.475587E-07	9.985707E-03
2.761925E-01	1.265891E+03	0.000000E+00	9.899843E-01	1.353001E-07	3.314441E-18	4.156033E-15	2.020977E-09	1.499800E-05	7.684345E-07	0.000000E+00	3.568815E-17	2.463007E-16	5.875969E-08	6.602813E-14	2.615375E-10	5.141270E-07	2.446675E-07	1.504270E-05	3.053475E-09	5.830527E-09	8.201150E-07	9.983146E-03
2.981026E-01	1.265874E+03	0.000000E+00	9.899816E-01	1.472692E-07	4.138192E-18	4.540869E-15	2.050887E-09	1.761902E-05	8.336829E-07	0.000000E+00	4.072118E-17	2.535706E-16	8.075932E-08	1.018788E-13	3.333000E-10	5.410208E-07	2.806222E-07	1.763967E-05	3.310858E-09	7.045508E-09	8.929407E-07	9.980361E-03
3.200126E-01	1.265855E+03	0.000000E+00	9.899787E-01	1.592673E-07	5.090921E-18	4.939201E-15	2.083397E-09	2.046476E-05	8.999598E-07	0.000000E+00	4.603870E-17	2.615421E-16	1.085287E-07	1.528037E-13	4.173263E-10	5.667159E-07	3.185586E-07	2.045125E-05	3.568873E-09	8.384388E-09	9.658560E-07	9.977353E-03
3.419227E-01	1.265835E+03	0.000000E+00	9.899756E-01	1.712681E-07	6.182294E-18	5.351680E-15	2.118429E-09	2.353605E-05	9.673502E-07	0.000000E+00	5.163754E-17	2.702755E-16	1.430092E-07	2.235525E-13	5.145156E-10	5.913447E-07	3.584293E-07	2.347652E-05	3.826934E-09	9.847453E-09	1.038693E-06	9.974121E-03
3.638328E-01	1.265814E+03	0.000000E+00	9.899722E-01	1.832471E-07	7.421842E-18	5.778836E-15	2.155888E-09	2.683333E-05	1.035937E-06	0.000000E+00	5.751530E-17	2.798172E-16	1.852071E-07	3.199280E-13	6.257170E-10	6.150277E-07	4.001955E-07	2.671397E-05	4.084495E-09	1.143491E-08	1.111294E-06	9.970666E-03
3.974076E-01	1.265778E+03	0.000000E+00	9.899667E-01	2.015097E-07	9.630095E-18	6.462769E-15	2.217735E-09	3.232449E-05	1.143540E-06	0.000000E+00	6.705926E-17	2.960730E-16	2.672983E-07	5.337228E-13	8.250996E-10	6.497310E-07	4.678088E-07	3.208196E-05	4.477055E-09	1.410937E-08	1.221762E-06	9.964941E-03
4.309825E-01	1.265740E+03	0.000000E+00	9.899606E-01	2.195946E-07	1.224057E-17	7.182929E-15	2.284548E-09	3.834474E-05	1.254407E-06	0.000000E+00	7.724795E-17	3.143592E-16	3.741167E-07	8.559043E-13	1.061792E-09	6.828106E-07	5.397274E-07	3.793391E-05	4.865598E-09	1.707740E-08	1.330867E-06	9.958700E-03
4.645574E-01	1.265698E+03	0.000000E+00	9.899540E-01	2.374379E-07	1.528379E-17	7.939422E-15	2.355808E-09	4.489074E-05	1.368784E-06	0.000000E+00	8.807523E-17	3.347041E-16	5.100167E-07	1.326478E-12	1.337986E-09	7.145505E-07	6.159096E-07	4.425803E-05	5.248678E-09	2.034053E-08	1.438200E-06	9.951951E-03
4.981323E-01	1.265654E+03	0.000000E+00	9.899469E-01	2.549854E-07	1.878782E-17	8.731616E-15	2.430962E-09	5.195761E-05	1.486891E-06	0.000000E+00	9.953297E-17	3.571084E-16	6.795759E-07	1.995260E-12	1.655486E-09	7.451797E-07	6.963421E-07	5.104056E-05	5.625051E-09	2.390087E-08	1.543412E-06	9.944703E-03
5.317071E-01	1.265607E+03	0.000000E+00	9.899392E-01	2.721913E-07	2.277776E-17	9.558266E-15	2.509433E-09	5.953919E-05	1.608921E-06	0.000000E+00	1.116097E-16	3.815447E-16	8.875498E-07	2.923067E-12	2.015695E-09	7.748761E-07	7.810347E-07	5.826603E-05	5.993668E-09	2.776104E-08	1.646209E-06	9.936967E-03
5.652820E-01	1.265557E+03	0.000000E+00	9.899311E-01	2.890184E-07	2.727524E-17	1.041732E-14	2.590643E-09	6.762818E-05	1.735040E-06	0.000000E+00	1.242893E-16	4.079592E-16	1.138826E-06	4.182832E-12	2.419631E-09	8.037717E-07	8.700149E-07	6.591757E-05	6.353660E-09	3.192404E-08	1.746352E-06	9.928755E-03
5.988569E-01	1.265504E+03	0.000000E+00	9.899224E-01	3.054369E-07	3.229769E-17	1.130655E-14	2.674023E-09	7.621639E-05	1.865387E-06	0.000000E+00	1.375509E-16	4.362780E-16	1.438381E-06	5.860635E-12	2.867931E-09	8.319578E-07	9.633229E-07	7.397721E-05	6.704326E-09	3.639310E-08	1.843648E-06	9.920080E-03
6.324317E-01	1.265448E+03	0.000000E+00	9.899133E-01	3.214238E-07	3.785848E-17	1.222284E-14	2.759020E-09	8.529491E-05	2.000073E-06	0.000000E+00	1.513680E-16	4.664089E-16	1.791239E-06	8.056605E-12	3.360876E-09	8.594902E-07	1.061007E-06	8.242613E-05	7.045119E-09	4.117141E-08	1.937952E-06	9.910956E-03
6.660066E-01	1.265390E+03	0.000000E+00	9.899037E-01	3.369625E-07	4.396568E-17	1.316314E-14	2.845111E-09	9.485428E-05	2.139184E-06	0.000000E+00	1.657089E-16	4.982426E-16	2.202431E-06	1.088571E-11	3.898413E-09	8.863952E-07	1.163121E-06	9.124491E-05	7.375631E-09	4.626191E-08	2.029158E-06	9.901397E-03
6.995815E-01	1.265330E+03	0.000000E+00	9.898936E-01	3.520414E-07	5.062313E-17	1.412383E-14	2.931805E-09	1.048846E-04	2.282779E-06	0.000000E+00	1.805371E-16	5.316535E-16	2.676958E-06	1.447838E-11	4.480187E-09	9.126746E-07	1.269716E-06	1.004137E-04	7.695574E-09	5.166696E-08	2.117194E-06	9.891420E-03
7.331563E-01	1.265267E+03	0.000000E+00	9.898831E-01	3.666537E-07	5.782901E-17	1.510137E-14	3.018649E-09	1.153756E-04	2.430896E-06	0.000000E+00	1.958117E-16	5.665034E-16	3.219759E-06	1.898101E-11	5.105567E-09	9.383109E-07	1.380846E-06	1.099125E-04	8.004767E-09	5.738821E-08	2.202019E-06	9.881037E-03
7.667312E-01	1.265201E+03	0.000000E+00	9.898721E-01	3.807966E-07	6.557701E-17	1.609188E-14	3.105230E-09	1.263169E-04	2.583551E-06	0.000000E+00	2.114878E-16	6.026439E-16	3.835682E-06	2.455629E-11	5.773680E-09	9.632724E-07	1.496556E-06	1.197213E-04	8.303123E-09	6.342628E-08	2.283621E-06	9.870266E-03
8.003061E-01	1.265134E+03	0.000000E+00	9.898606E-01	3.944707E-07	7.385551E-17	1.709170E-14	3.191173E-09	1.376980E-04	2.740740E-06	0.000000E+00	2.275180E-16	6.399203E-16	4.529457E-06	3.138336E-11	6.483440E-09	9.875168E-07	1.616885E-06	1.298200E-04	8.590629E-09	6.978067E-08	2.362005E-06	9.859122E-03
8.338810E-01	1.265064E+03	0.000000E+00	9.898488E-01	4.076792E-07	8.264869E-17	1.809698E-14	3.276145E-09	1.495083E-04	2.902443E-06	0.000000E+00	2.438522E-16	6.781724E-16	5.305673E-06	3.965785E-11	7.233575E-09	1.010996E-06	1.741863E-06	1.401890E-04	8.867340E-09	7.644959E-08	2.437200E-06	9.847619E-03
8.674558E-01	1.264993E+03	0.000000E+00	9.898365E-01	4.204275E-07	9.193587E-17	1.910419E-14	3.359851E-09	1.617372E-04	3.068621E-06	0.000000E+00	2.604393E-16	7.172380E-16	6.168761E-06	4.959176E-11	8.022659E-09	1.033658E-06	1.871512E-06	1.508087E-04	9.133362E-09	8.342983E-08	2.509246E-06	9.835773E-03
9.010307E-01	1.264919E+03	0.000000E+00	9.898238E-01	4.327227E-07	1.016930E-16	2.010967E-14	3.442034E-09	1.743744E-04	3.239223E-06	0.000000E+00	2.772273E-16	7.569538E-16	7.122975E-06	6.141321E-11	8.849132E-09	1.055452E-06	2.005841E-06	1.616601E-04	9.388843E-09	9.071674E-08	2.578198E-06	9.823598E-03
9.346056E-01	1.264844E+03	0.000000E+00	9.898107E-01	4.445735E-07	1.118917E-16	2.111022E-14	3.522467E-09	1.874093E-04	3.414185E-06	0.000000E+00	2.941642E-16	7.971591E-16	8.172380E-06	7.536604E-11	9.711328E-09	1.076328E-06	2.144847E-06	1.727247E-04	9.633966E-09	9.830420E-08	2.644117E-06	9.811110E-03
9.681804E-01	1.264767E+03	0.000000E+00	9.897973E-01	4.559892E-07	1.225015E-16	2.210247E-14	3.600960E-09	2.008316E-04	3.593433E-06	0.000000E+00	3.111986E-16	8.376958E-16	9.320842E-06	9.170932E-11	1.060749E-08	1.096241E-06	2.288515E-06	1.839843E-04	9.868938E-09	1.061846E-07	2.707074E-06	9.798322E-03
1.001755E+00	1.264688E+03	0.000000E+00	9.897834E-01	4.669802E-07	1.334882E-16	2.308366E-14	3.677348E-09	2.146314E-04	3.776880E-06	0.000000E+00	3.282800E-16	8.784112E-16	1.057202E-05	1.107167E-10	1.153580E-08	1.115149E-06	2.436821E-06	1.954215E-04	1.009398E-08	1.143490E-07	2.767143E-06	9.785249E-03
1.035330E+00	1.264608E+03	0.000000E+00	9.897692E-01	4.775571E-07	1.448167E-16	2.405077E-14	3.751496E-09	2.287986E-04	3.964435E-06	0.000000E+00	3.453594E-16	9.191569E-16	1.192935E-05	1.326759E-10	1.249438E-08	1.133019E-06	2.589726E-06	2.070193E-04	1.030934E-08	1.227870E-07	2.824403E-06	9.771904E-03
1.068905E+00	1.264526E+03	0.000000E+00	9.897546E-01	4.877309E-07	1.564494E-16	2.500152E-14	3.823288E-09	2.433234E-04	4.155997E-06	0.000000E+00	3.623893E-16	9.597922E-16	1.339605E-05	1.578876E-10	1.348132E-08	1.149824E-06	2.747180E-06	2.187614E-04	1.051527E-08	1.314871E-07	2.878935E-06	9.758301E-03
1.102480E+00	1.264443E+03	0.000000E+00	9.897397E-01	4.975126E-07	1.683481E-16	2.593339E-14	3.892634E-09	2.581961E-04	4.351461E-06	0.000000E+00	3.793248E-16	1.000183E-15	1.497513E-05	1.866647E-10	1.449468E-08	1.165544E-06	2.909123E-06	2.306319E-04	1.071201E-08	1.404365E-07	2.930820E-06	9.744452E-03
1.136055E+00	1.264359E+03	0.000000E+00	9.897245E-01	5.069133E-07	1.804724E-16	2.684448E-14	3.959461E-09	2.734074E-04	4.550714E-06	0.000000E+00	3.961229E-16	1.040205E-15	1.666935E-05	2.193318E-10	1.553252E-08	1.180164E-06	3.075485E-06	2.426158E-04	1.089981E-08	1.496218E-07	2.980141E-06	9.730370E-03
1.169630E+00	1.264273E+03	0.000000E+00	9.897089E-01	5.159441E-07	1.927836E-16	2.773270E-14	4.023714E-09	2.889478E-04	4.753641E-06	0.000000E+00	4.127427E-16	1.079738E-15	1.848128E-05	2.562234E-10	1.659290E-08	1.193679E-06	3.246185E-06	2.546986E-04	1.107895E-08	1.590284E-07	3.026979E-06	9.716067E-03
1.203205E+00	1.264186E+03	0.000000E+00	9.896930E-01	5.246157E-07	2.052419E-16	2.859655E-14	4.085351E-09	3.048084E-04	4.960125E-06	0.000000E+00	4.291461E-16	1.118674E-15	2.041322E-05	2.976836E-10	1.767388E-08	1.206091E-06	3.421135E-06	2.668663E-04	1.124967E-08	1.686412E-07	3.071416E-06	9.701554E-03
1.236779E+00	1.264098E+03	0.000000E+00	9.896768E-01	5.329390E-07	2.178093E-16	2.943444E-14	4.144349E-09	3.209801E-04	5.170042E-06	0.000000E+00	4.452969E-16	1.156908E-15	2.246729E-05	3.440649E-10	1.877354E-08	1.217404E-06	3.600237E-06	2.791056E-04	1.141222E-08	1.784445E-07	3.113531E-06	9.686843E-03
1.270354E+00	1.264008E+03	0.000000E+00	9.896602E-01	5.409244E-07	2.304469E-16	3.024538E-14	4.200691E-09	3.374541E-04	5.383270E-06	0.000000E+00	4.611623E-16	1.194351E-15	2.464537E-05	3.957268E-10	1.988999E-08	1.227633E-06	3.783388E-06	2.914038E-04	1.156685E-08	1.884225E-07	3.153404E-06	9.671946E-03
1.303929E+00	1.263918E+03	0.000000E+00	9.896434E-01	5.485822E-07	2.431184E-16	3.102790E-14	4.254377E-09	3.542218E-04	5.599683E-06	0.000000E+00	4.767112E-16	1.230915E-15	2.694913E-05	4.530351E-10	2.102136E-08	1.236796E-06	3.970477E-06	3.037488E-04	1.171381E-08	1.985587E-07	3.191111E-06	9.656872E-03
1.337504E+00	1.263827E+03	0.000000E+00	9.896263E-01	5.559224E-07	2.557868E-16	3.178173E-14	4.305408E-09	3.712747E-04	5.819155E-06	0.000000E+00	4.919161E-16	1.266527E-15	2.938002E-05	5.163606E-10	2.216584E-08	1.244913E-06	4.161390E-06	3.161291E-04	1.185334E-08	2.088370E-07	3.226729E-06	9.641631E-03
1.371079E+00	1.263735E+03	0.000000E+00	9.896090E-01	5.629547E-07	2.684195E-16	3.250535E-14	4.353808E-09	3.886045E-04	6.041560E-06	0.000000E+00	5.067507E-16	1.301115E-15	3.193930E-05	5.860780E-10	2.332164E-08	1.252013E-06	4.356005E-06	3.285336E-04	1.198567E-08	2.192410E-07	3.260330E-06	9.626234E-03
1.404654E+00	1.263642E+03	0.000000E+00	9.895913E-01	5.696889E-07	2.809818E-16	3.319943E-14	4.399588E-09	4.062030E-04	6.266771E-06	0.000000E+00	5.211932E-16	1.334623E-15	3.462803E-05	6.625653E-10	2.448705E-08	1.258125E-06	4.554199E-06	3.409519E-04	1.211104E-08	2.297546E-07	3.291987E-06	9.610691E-03
1.458139E+00	1.263492E+03	0.000000E+00	9.895627E-01	5.798234E-07	3.007910E-16	3.423967E-14	4.467221E-09	4.347728E-04	6.631018E-06	0.000000E+00	5.433307E-16	1.385611E-15	3.918058E-05	7.993301E-10	2.635924E-08	1.265901E-06	4.877004E-06	3.607386E-04	1.229692E-08	2.466902E-07	3.338576E-06	9.585649E-03
1.500000E+00	1.263374E+03	0.000000E+00	9.895398E-01	5.872677E-07	3.160499E-16	3.500195E-14	4.515653E-09	4.575743E-04	6.920518E-06	0.000000E+00	5.598796E-16	1.423394E-15	4.297600E-05	9.200223E-10	2.783436E-08	1.270388E-06	5.135425E-06	3.762077E-04	1.243105E-08	2.600708E-07	3.371901E-06	9.565829E-03
