*
t[ms]       	T[K]        	X-N2        	X-AR        	X-H         	X-O2        	X-O         	X-OH        	X-H2        	X-H2O       	X-HE        	X-HO2       	X-H2O2      	X-CO        	X-CO2       	X-HCO       	X-CH3       	X-CH4       	X-CH2O      	X-CH3O      	X-C2H6      	X-CH2OH     	X-CH3OH     
0.000000E+00	1.567000E+03	0.000000E+00	9.900000E-01	0.000000E+00	0.000000E+00	0.000000E+00	0.000000E+00	0.000000E+00	0.000000E+00	0.000000E+00	0.000000E+00	0.000000E+00	0.000000E+00	0.000000E+00	0.000000E+00	0.000000E+00	0.000000E+00	0.000000E+00	0.000000E+00	0.000000E+00	0.000000E+00	1.000000E-02
7.589481E-06	1.567000E+03	0.000000E+00	9.900000E-01	4.383120E-11	1.349744E-26	5.110986E-18	7.098064E-09	1.647665E-13	4.387627E-11	0.000000E+00	1.803853E-22	7.403301E-20	6.915188E-20	4.980992E-30	1.344527E-20	7.141735E-09	2.049284E-13	1.006676E-12	2.016165E-11	9.738241E-18	6.606693E-11	9.999993E-03
3.097090E-05	1.566999E+03	0.000000E+00	9.900000E-01	2.182821E-10	1.123497E-23	2.969317E-16	2.848050E-08	2.849005E-12	6.639172E-10	0.000000E+00	2.593963E-20	4.347556E-18	1.057038E-17	1.084300E-26	4.076046E-18	2.914128E-08	3.137142E-12	4.570237E-11	2.737795E-10	5.892877E-16	5.258498E-10	9.999970E-03
8.763469E-05	1.566998E+03	0.000000E+00	9.899999E-01	1.258915E-09	1.590345E-21	5.872864E-15	7.732188E-08	3.657794E-11	5.143383E-09	0.000000E+00	1.065810E-18	8.759729E-17	5.236526E-16	3.732132E-24	3.736056E-16	8.244027E-08	2.496913E-11	7.990999E-10	1.700455E-09	1.269609E-14	3.201758E-09	9.999911E-03
1.526587E-04	1.566996E+03	0.000000E+00	9.899999E-01	4.139501E-09	2.225131E-20	2.794230E-14	1.285259E-07	1.864750E-10	1.512518E-08	0.000000E+00	7.305195E-18	4.242512E-16	4.540924E-15	9.077561E-23	4.133340E-15	1.435752E-07	7.571659E-11	3.461243E-09	3.990902E-09	6.633086E-14	8.799905E-09	9.999839E-03
2.430387E-04	1.566994E+03	0.000000E+00	9.899998E-01	1.164401E-08	1.970068E-19	9.903060E-14	1.919578E-07	8.078486E-10	3.673469E-08	0.000000E+00	3.394108E-17	1.536989E-15	2.991864E-14	1.397431E-21	2.903165E-14	2.285002E-07	1.918451E-10	1.107509E-08	7.400608E-09	2.669654E-13	2.063514E-08	9.999730E-03
4.067005E-04	1.566989E+03	0.000000E+00	9.899996E-01	3.500682E-08	2.003213E-18	3.716668E-13	2.872238E-07	4.138190E-09	9.545204E-08	0.000000E+00	1.639041E-16	5.970455E-15	2.595675E-13	3.028558E-20	2.209718E-13	3.821367E-07	5.370401E-10	3.684083E-08	1.307732E-08	1.248979E-12	5.251123E-08	9.999511E-03
6.407427E-04	1.566983E+03	0.000000E+00	9.899993E-01	8.580798E-08	1.361386E-17	1.077112E-12	3.888563E-07	1.670230E-08	2.139962E-07	0.000000E+00	5.778586E-16	1.805738E-14	1.797923E-12	4.554827E-19	1.157378E-12	6.015112E-07	1.332621E-09	9.887959E-08	1.960867E-08	4.875920E-12	1.171618E-07	9.999154E-03
9.451653E-04	1.566976E+03	0.000000E+00	9.899989E-01	1.727180E-07	6.133546E-17	2.402386E-12	4.777529E-07	5.210632E-08	4.114467E-07	0.000000E+00	1.528046E-15	4.226245E-14	9.240201E-12	4.383554E-18	4.304931E-12	8.862716E-07	2.899235E-09	2.194690E-07	2.591116E-08	1.561817E-11	2.263751E-07	9.998628E-03
1.249588E-03	1.566968E+03	0.000000E+00	9.899985E-01	2.741306E-07	1.648836E-16	3.962579E-12	5.342809E-07	1.137928E-07	6.412292E-07	0.000000E+00	2.884964E-15	7.260040E-14	2.924374E-11	2.119626E-17	1.050128E-11	1.170375E-06	5.067493E-09	3.808467E-07	3.054249E-08	3.601764E-11	3.556246E-07	9.998042E-03
1.734418E-03	1.566955E+03	0.000000E+00	9.899977E-01	4.514740E-07	4.721659E-16	6.523884E-12	5.850022E-07	2.734796E-07	1.046452E-06	0.000000E+00	5.687800E-15	1.255060E-13	1.098558E-10	1.264592E-16	2.861908E-11	1.621505E-06	9.764335E-09	7.151461E-07	3.586351E-08	9.599780E-11	5.879623E-07	9.997006E-03
2.219249E-03	1.566943E+03	0.000000E+00	9.899968E-01	6.378555E-07	9.633169E-16	8.925924E-12	6.096839E-07	5.137831E-07	1.477724E-06	0.000000E+00	9.053370E-15	1.767822E-13	2.915105E-10	4.624447E-16	5.940887E-11	2.071025E-06	1.599184E-08	1.139111E-06	3.980082E-08	2.004523E-10	8.397626E-07	9.995861E-03
3.164456E-03	1.566916E+03	0.000000E+00	9.899948E-01	1.009219E-06	2.422397E-15	1.303214E-11	6.274803E-07	1.222497E-06	2.349141E-06	0.000000E+00	1.667003E-14	2.596702E-13	1.162829E-09	2.819067E-15	1.665497E-10	2.942931E-06	3.254838E-08	2.213818E-06	4.582508E-08	5.775397E-10	1.357277E-06	9.993353E-03
4.109663E-03	1.566888E+03	0.000000E+00	9.899926E-01	1.382707E-06	4.499349E-15	1.667947E-11	6.323059E-07	2.252568E-06	3.234387E-06	0.000000E+00	2.527686E-14	3.182880E-13	3.193273E-09	1.035233E-14	3.537687E-10	3.809224E-06	5.497172E-08	3.611556E-06	5.111859E-08	1.257329E-09	1.889121E-06	9.990503E-03
5.201179E-03	1.566853E+03	0.000000E+00	9.899896E-01	1.814231E-06	7.650843E-15	2.068946E-11	6.344312E-07	3.843303E-06	4.261889E-06	0.000000E+00	3.621712E-14	3.629189E-13	7.923593E-09	3.306509E-14	6.979120E-10	4.803056E-06	8.822280E-08	5.625555E-06	5.702501E-08	2.531297E-09	2.509004E-06	9.986798E-03
6.731621E-03	1.566800E+03	0.000000E+00	9.899846E-01	2.419239E-06	1.348854E-14	2.625283E-11	6.368684E-07	6.799543E-06	5.707863E-06	0.000000E+00	5.321034E-14	3.996853E-13	2.146982E-08	1.176414E-13	1.472710E-09	6.185604E-06	1.482811E-07	9.169192E-06	6.525750E-08	5.436695E-09	3.380503E-06	9.980862E-03
8.262063E-03	1.566742E+03	0.000000E+00	9.899788E-01	3.023566E-06	2.111366E-14	3.186328E-11	6.400146E-07	1.060535E-05	7.160727E-06	0.000000E+00	7.204317E-14	4.203979E-13	4.750117E-08	3.233147E-13	2.670816E-09	7.556562E-06	2.242887E-07	1.354849E-05	7.350125E-08	9.961783E-09	4.250749E-06	9.974062E-03
1.002449E-02	1.566670E+03	0.000000E+00	9.899711E-01	3.717230E-06	3.231969E-14	3.842799E-11	6.447399E-07	1.604310E-05	8.845055E-06	0.000000E+00	9.591957E-14	4.353618E-13	1.007177E-07	8.436242E-13	4.689464E-09	9.122560E-06	3.320393E-07	1.961623E-05	8.300015E-08	1.761792E-08	5.248074E-06	9.965165E-03
1.248289E-02	1.566559E+03	0.000000E+00	9.899584E-01	4.677460E-06	5.275551E-14	4.781402E-11	6.532755E-07	2.551703E-05	1.122066E-05	0.000000E+00	1.329753E-13	4.510462E-13	2.366352E-07	2.522605E-12	8.878279E-09	1.128714E-05	5.196917E-07	2.987881E-05	9.620909E-08	3.357695E-08	6.624803E-06	9.950860E-03
1.691078E-02	1.566329E+03	0.000000E+00	9.899300E-01	6.371732E-06	1.057942E-13	6.551834E-11	6.738687E-07	4.812316E-05	1.560171E-05	0.000000E+00	2.101123E-13	4.806387E-13	7.717541E-07	1.166425E-11	2.136400E-08	1.513829E-05	9.739507E-07	5.344183E-05	1.196482E-07	8.170961E-08	9.039169E-06	9.919624E-03
2.133866E-02	1.566065E+03	0.000000E+00	9.898946E-01	8.001056E-06	1.832222E-13	8.435755E-11	7.000475E-07	7.780460E-05	2.015238E-05	0.000000E+00	2.997086E-13	5.189254E-13	1.900253E-06	3.815358E-11	4.142439E-08	1.893939E-05	1.591065E-06	8.307469E-05	1.422789E-07	1.610490E-07	1.133648E-05	9.881587E-03
2.758198E-02	1.565639E+03	0.000000E+00	9.898328E-01	1.015441E-05	3.411042E-13	1.127548E-10	7.434082E-07	1.314538E-04	2.692508E-05	0.000000E+00	4.454104E-13	5.882191E-13	5.077201E-06	1.424333E-10	8.428050E-08	2.421600E-05	2.773867E-06	1.338531E-04	1.721491E-07	3.394406E-07	1.432005E-05	9.817135E-03
3.443043E-02	1.565111E+03	0.000000E+00	9.897495E-01	1.229141E-05	5.883044E-13	1.456574E-10	7.947984E-07	2.056613E-04	3.490037E-05	0.000000E+00	6.285439E-13	6.799804E-13	1.166561E-05	4.454761E-10	1.514568E-07	2.985303E-05	4.555012E-06	1.992763E-04	2.014534E-07	6.438583E-07	1.719622E-05	9.733283E-03
4.127888E-02	1.564533E+03	0.000000E+00	9.896510E-01	1.417999E-05	9.173109E-13	1.791021E-10	8.452561E-07	2.951429E-04	4.347626E-05	0.000000E+00	8.322878E-13	7.807655E-13	2.262129E-05	1.125400E-09	2.380484E-07	3.524272E-05	6.918044E-06	2.718956E-04	2.267061E-07	1.081034E-06	1.963700E-05	9.637532E-03
4.812734E-02	1.563918E+03	0.000000E+00	9.895380E-01	1.582725E-05	1.325190E-12	2.116773E-10	8.912260E-07	3.989388E-04	5.263654E-05	0.000000E+00	1.051936E-12	8.829485E-13	3.894431E-05	2.439265E-09	3.405197E-07	4.027002E-05	9.932249E-06	3.487788E-04	2.478618E-07	1.664080E-06	2.165712E-05	9.531832E-03
5.497579E-02	1.563277E+03	0.000000E+00	9.894118E-01	1.725269E-05	1.802118E-12	2.422182E-10	9.307423E-07	5.159996E-04	6.233248E-05	0.000000E+00	1.282115E-12	9.802534E-13	6.140177E-05	4.708783E-09	4.544646E-07	4.482412E-05	1.364871E-05	4.273401E-04	2.651522E-07	2.397678E-06	2.329345E-05	9.418031E-03
6.182424E-02	1.562620E+03	0.000000E+00	9.892734E-01	1.848102E-05	2.333434E-12	2.699411E-10	9.630825E-07	6.452287E-04	7.249711E-05	0.000000E+00	1.517199E-12	1.068335E-12	9.050156E-05	8.302474E-09	5.753768E-07	4.881971E-05	1.809430E-05	5.054420E-04	2.789565E-07	3.277383E-06	2.459256E-05	9.297793E-03
6.867269E-02	1.561955E+03	0.000000E+00	9.891240E-01	1.953742E-05	2.902119E-12	2.944305E-10	9.883268E-07	7.855128E-04	8.305597E-05	0.000000E+00	1.751756E-12	1.144718E-12	1.265019E-04	1.361392E-08	6.991270E-07	5.220790E-05	2.326965E-05	5.814117E-04	2.897035E-07	4.290334E-06	2.560218E-05	9.172576E-03
7.552115E-02	1.561287E+03	0.000000E+00	9.889647E-01	2.044493E-05	3.490948E-12	3.155559E-10	1.006988E-06	9.357415E-04	9.393409E-05	0.000000E+00	1.980873E-12	1.208387E-12	1.694410E-04	2.104015E-08	8.221938E-07	5.497756E-05	2.915068E-05	6.540062E-04	2.978116E-07	5.417108E-06	2.636649E-05	9.043626E-03
8.672614E-02	1.560200E+03	0.000000E+00	9.886857E-01	2.165954E-05	4.457125E-12	3.430807E-10	1.025167E-06	1.200133E-03	1.122360E-04	0.000000E+00	2.333380E-12	1.285336E-12	2.542230E-04	3.873616E-08	1.014917E-06	5.824148E-05	4.017106E-05	7.633541E-04	3.063619E-07	7.443875E-06	2.718693E-05	8.827300E-03
9.793113E-02	1.559129E+03	0.000000E+00	9.883877E-01	2.259857E-05	5.379223E-12	3.626825E-10	1.030781E-06	1.483605E-03	1.309230E-04	0.000000E+00	2.646661E-12	1.331314E-12	3.557580E-04	6.457864E-08	1.189694E-06	6.013181E-05	5.268065E-05	8.592934E-04	3.102521E-07	9.603147E-06	2.759054E-05	8.607489E-03
1.091361E-01	1.558082E+03	0.000000E+00	9.880753E-01	2.331656E-05	6.219331E-12	3.755764E-10	1.026726E-06	1.781833E-03	1.497603E-04	0.000000E+00	2.912531E-12	1.350996E-12	4.720515E-04	9.971905E-08	1.341733E-06	6.093657E-05	6.635823E-05	9.411885E-04	3.105960E-07	1.179616E-05	2.768284E-05	8.386997E-03
1.203411E-01	1.557061E+03	0.000000E+00	9.877523E-01	2.385719E-05	6.956343E-12	3.830456E-10	1.015469E-06	2.090885E-03	1.685585E-04	0.000000E+00	3.127659E-12	1.349503E-12	6.008318E-04	1.449424E-07	1.469273E-06	6.094305E-05	8.088512E-05	1.009379E-03	3.082827E-07	1.394555E-05	2.754504E-05	8.167899E-03
1.315461E-01	1.556069E+03	0.000000E+00	9.874223E-01	2.425653E-05	7.582388E-12	3.862994E-10	9.990468E-07	2.407293E-03	1.871701E-04	0.000000E+00	3.292555E-12	1.331768E-12	7.397910E-04	2.006789E-07	1.572675E-06	6.039899E-05	9.597563E-05	1.064779E-03	3.040248E-07	1.599782E-05	2.724022E-05	7.951705E-03
1.427511E-01	1.555106E+03	0.000000E+00	9.870882E-01	2.454465E-05	8.098930E-12	3.863992E-10	9.791054E-07	2.728081E-03	2.054849E-04	0.000000E+00	3.410471E-12	1.302196E-12	8.867434E-04	2.670500E-07	1.653624E-06	5.949969E-05	1.113908E-04	1.108598E-03	2.983891E-07	1.792052E-05	2.681732E-05	7.739479E-03
1.539561E-01	1.554171E+03	0.000000E+00	9.867526E-01	2.474639E-05	8.513313E-12	3.842272E-10	9.569303E-07	3.050762E-03	2.234240E-04	0.000000E+00	3.486349E-12	1.264486E-12	1.039715E-03	3.439292E-07	1.714506E-06	5.838970E-05	1.269406E-04	1.142154E-03	2.918188E-07	1.969749E-05	2.631389E-05	7.531940E-03
1.651611E-01	1.553265E+03	0.000000E+00	9.864175E-01	2.488196E-05	8.836059E-12	3.804843E-10	9.334957E-07	3.373306E-03	2.409338E-04	0.000000E+00	3.525930E-12	1.221596E-12	1.196980E-03	4.310044E-07	1.757958E-06	5.717105E-05	1.424796E-04	1.166757E-03	2.846530E-07	2.132402E-05	2.575825E-05	7.329545E-03
1.763661E-01	1.552386E+03	0.000000E+00	9.860844E-01	2.496750E-05	9.078938E-12	3.757070E-10	9.095147E-07	3.694084E-03	2.579810E-04	0.000000E+00	3.535097E-12	1.175786E-12	1.357072E-03	5.278340E-07	1.786587E-06	5.591277E-05	1.579003E-04	1.183642E-03	2.771455E-07	2.280281E-05	2.517138E-05	7.132554E-03
1.875711E-01	1.551533E+03	0.000000E+00	9.857548E-01	2.501568E-05	9.253711E-12	3.702922E-10	8.854921E-07	4.011815E-03	2.745474E-04	0.000000E+00	3.519430E-12	1.128720E-12	1.518759E-03	6.338924E-07	1.802803E-06	5.465964E-05	1.731255E-04	1.193933E-03	2.694817E-07	2.414099E-05	2.456854E-05	6.941085E-03
1.987761E-01	1.550706E+03	0.000000E+00	9.854295E-01	2.503630E-05	9.371385E-12	3.645256E-10	8.617718E-07	4.325504E-03	2.906259E-04	0.000000E+00	3.483962E-12	1.081575E-12	1.681029E-03	7.486052E-07	1.808750E-06	5.343932E-05	1.881013E-04	1.198632E-03	2.617943E-07	2.534802E-05	2.396060E-05	6.755156E-03
2.099811E-01	1.549904E+03	0.000000E+00	9.851093E-01	2.503684E-05	9.441843E-12	3.586069E-10	8.385774E-07	4.634396E-03	3.062175E-04	0.000000E+00	3.433063E-12	1.035158E-12	1.843055E-03	8.713754E-07	1.806279E-06	5.226769E-05	2.027915E-04	1.198617E-03	2.541757E-07	2.643433E-05	2.335513E-05	6.574713E-03
2.267913E-01	1.548745E+03	0.000000E+00	9.846399E-01	2.501198E-05	9.477496E-12	3.497207E-10	8.050474E-07	5.087617E-03	3.287110E-04	0.000000E+00	3.335671E-12	9.679758E-13	2.084251E-03	1.069357E-06	1.790156E-06	5.061743E-05	2.242471E-04	1.191389E-03	2.430061E-07	2.786063E-05	2.246220E-05	6.314067E-03
2.436015E-01	1.547638E+03	0.000000E+00	9.841844E-01	2.496774E-05	9.449849E-12	3.410504E-10	7.732138E-07	5.527507E-03	3.501605E-04	0.000000E+00	3.221571E-12	9.045437E-13	2.321707E-03	1.282129E-06	1.762837E-06	4.910139E-05	2.449698E-04	1.177378E-03	2.322537E-07	2.907252E-05	2.159653E-05	6.065081E-03
2.604118E-01	1.546578E+03	0.000000E+00	9.837437E-01	2.491263E-05	9.377193E-12	3.326673E-10	7.431140E-07	5.953324E-03	3.706119E-04	0.000000E+00	3.097931E-12	8.452201E-13	2.554216E-03	1.507794E-06	1.727554E-06	4.771414E-05	2.649489E-04	1.158276E-03	2.219763E-07	3.010008E-05	2.076312E-05	5.827230E-03
2.772220E-01	1.545565E+03	0.000000E+00	9.833181E-01	2.485196E-05	9.273268E-12	3.243320E-10	7.146890E-07	6.364713E-03	3.901152E-04	0.000000E+00	2.969818E-12	7.900153E-13	2.780950E-03	1.744570E-06	1.686726E-06	4.644461E-05	2.841916E-04	1.135413E-03	2.121914E-07	3.096929E-05	1.996375E-05	5.599961E-03
2.940323E-01	1.544594E+03	0.000000E+00	9.829076E-01	2.478890E-05	9.148561E-12	3.136499E-10	6.878342E-07	6.761589E-03	4.087204E-04	0.000000E+00	2.840705E-12	7.387577E-13	3.001363E-03	1.990808E-06	1.642165E-06	4.527998E-05	3.027149E-04	1.109833E-03	2.028939E-07	3.170227E-05	1.919842E-05	5.382729E-03
3.063214E-01	1.543911E+03	0.000000E+00	9.826170E-01	2.474237E-05	9.047927E-12	3.112161E-10	6.691234E-07	7.042595E-03	4.217818E-04	0.000000E+00	2.747170E-12	7.036405E-13	3.158297E-03	2.175928E-06	1.608013E-06	4.448764E-05	3.158140E-04	1.089890E-03	1.963959E-07	3.216279E-05	1.865990E-05	5.229969E-03
3.186106E-01	1.543249E+03	0.000000E+00	9.823343E-01	2.469601E-05	8.941948E-12	3.066535E-10	6.511382E-07	7.315980E-03	4.344077E-04	0.000000E+00	2.654955E-12	6.703847E-13	3.311590E-03	2.364737E-06	1.573002E-06	4.374003E-05	3.285503E-04	1.069191E-03	1.901400E-07	3.256681E-05	1.813849E-05	5.082097E-03
3.308998E-01	1.542607E+03	0.000000E+00	9.820594E-01	2.465003E-05	8.832365E-12	3.020839E-10	6.338319E-07	7.581854E-03	4.466156E-04	0.000000E+00	2.564545E-12	6.388789E-13	3.461199E-03	2.556721E-06	1.537457E-06	4.303293E-05	3.409338E-04	1.047949E-03	1.841169E-07	3.291988E-05	1.763356E-05	4.938926E-03
3.431890E-01	1.541985E+03	0.000000E+00	9.817921E-01	2.460459E-05	8.720582E-12	2.974828E-10	6.171601E-07	7.840348E-03	4.584222E-04	0.000000E+00	2.476267E-12	6.090145E-13	3.607107E-03	2.751395E-06	1.501645E-06	4.236256E-05	3.529748E-04	1.026343E-03	1.783164E-07	3.322686E-05	1.714445E-05	4.800276E-03
3.554782E-01	1.541382E+03	0.000000E+00	9.815324E-01	2.455973E-05	8.607616E-12	2.928336E-10	6.010814E-07	8.091609E-03	4.698433E-04	0.000000E+00	2.390332E-12	5.806877E-13	3.749320E-03	2.948309E-06	1.465778E-06	4.172550E-05	3.646833E-04	1.004521E-03	1.727285E-07	3.349209E-05	1.667051E-05	4.665978E-03
3.677674E-01	1.540797E+03	0.000000E+00	9.812800E-01	2.451543E-05	8.494262E-12	2.880679E-10	5.855582E-07	8.335791E-03	4.808940E-04	0.000000E+00	2.306874E-12	5.538012E-13	3.887862E-03	3.147042E-06	1.430030E-06	4.111875E-05	3.760693E-04	9.826054E-04	1.673435E-07	3.371940E-05	1.621112E-05	4.535870E-03
3.800566E-01	1.540230E+03	0.000000E+00	9.810348E-01	2.447166E-05	8.380966E-12	2.828619E-10	5.705560E-07	8.573059E-03	4.915885E-04	0.000000E+00	2.225939E-12	5.282640E-13	4.022769E-03	3.347200E-06	1.394537E-06	4.053960E-05	3.871426E-04	9.606988E-04	1.621520E-07	3.391219E-05	1.576567E-05	4.409799E-03
3.923458E-01	1.539680E+03	0.000000E+00	9.807965E-01	2.442835E-05	8.268748E-12	2.775769E-10	5.560431E-07	8.803579E-03	5.019405E-04	0.000000E+00	2.147586E-12	5.039925E-13	4.154089E-03	3.548418E-06	1.359410E-06	3.998567E-05	3.979126E-04	9.388853E-04	1.571451E-07	3.407348E-05	1.533357E-05	4.287617E-03
4.046350E-01	1.539146E+03	0.000000E+00	9.805651E-01	2.438541E-05	8.157328E-12	2.728211E-10	5.419910E-07	9.027522E-03	5.119628E-04	0.000000E+00	2.071825E-12	4.809086E-13	4.281880E-03	3.750356E-06	1.324737E-06	3.945486E-05	4.083886E-04	9.172343E-04	1.523144E-07	3.420599E-05	1.491428E-05	4.169187E-03
4.169242E-01	1.538628E+03	0.000000E+00	9.803403E-01	2.434275E-05	8.047721E-12	2.678517E-10	5.283719E-07	9.245060E-03	5.216675E-04	0.000000E+00	1.998496E-12	4.589465E-13	4.406203E-03	3.952699E-06	1.290587E-06	3.894529E-05	4.185793E-04	8.958025E-04	1.476521E-07	3.431214E-05	1.450731E-05	4.054374E-03
4.292133E-01	1.538126E+03	0.000000E+00	9.801219E-01	2.430027E-05	7.935665E-12	2.706847E-10	5.151663E-07	9.456362E-03	5.310663E-04	0.000000E+00	1.927794E-12	4.380445E-13	4.527127E-03	4.155151E-06	1.257014E-06	3.845531E-05	4.284933E-04	8.746362E-04	1.431503E-07	3.439412E-05	1.411215E-05	3.943053E-03
4.381638E-01	1.537769E+03	0.000000E+00	9.799669E-01	2.426940E-05	7.851854E-12	2.708907E-10	5.057996E-07	9.606432E-03	5.377253E-04	0.000000E+00	1.877639E-12	4.234293E-13	4.613100E-03	4.302516E-06	1.232949E-06	3.810992E-05	4.355446E-04	8.594092E-04	1.399685E-07	3.443974E-05	1.383153E-05	3.864105E-03
4.471143E-01	1.537420E+03	0.000000E+00	9.798150E-01	2.423855E-05	7.776567E-12	2.629982E-10	4.966359E-07	9.753348E-03	5.442321E-04	0.000000E+00	1.828717E-12	4.093088E-13	4.697336E-03	4.449701E-06	1.209224E-06	3.777361E-05	4.424566E-04	8.443548E-04	1.368654E-07	3.447426E-05	1.355680E-05	3.786899E-03
4.542679E-01	1.537147E+03	0.000000E+00	9.796960E-01	2.421387E-05	7.719098E-12	2.606518E-10	4.894468E-07	9.868547E-03	5.493256E-04	0.000000E+00	1.790780E-12	3.983960E-13	4.763431E-03	4.567143E-06	1.190515E-06	3.751104E-05	4.478828E-04	8.324538E-04	1.344413E-07	3.449432E-05	1.334133E-05	3.726418E-03
4.608225E-01	1.536901E+03	0.000000E+00	9.795887E-01	2.419123E-05	7.663347E-12	2.572176E-10	4.829655E-07	9.972396E-03	5.539112E-04	0.000000E+00	1.756741E-12	3.886600E-13	4.823047E-03	4.674559E-06	1.173572E-06	3.727509E-05	4.527797E-04	8.216554E-04	1.322616E-07	3.450711E-05	1.314705E-05	3.671936E-03
4.673771E-01	1.536658E+03	0.000000E+00	9.794830E-01	2.416855E-05	7.607903E-12	2.545294E-10	4.765822E-07	1.007464E-02	5.584202E-04	0.000000E+00	1.723316E-12	3.791657E-13	4.881772E-03	4.781756E-06	1.156823E-06	3.704340E-05	4.576058E-04	8.109616E-04	1.301209E-07	3.451478E-05	1.295571E-05	3.618331E-03
4.739317E-01	1.536420E+03	0.000000E+00	9.793790E-01	2.414583E-05	7.552964E-12	2.522049E-10	4.702950E-07	1.017531E-02	5.628541E-04	0.000000E+00	1.690498E-12	3.699077E-13	4.939617E-03	4.888704E-06	1.140271E-06	3.681583E-05	4.623625E-04	8.003749E-04	1.280185E-07	3.451755E-05	1.276726E-05	3.565588E-03
4.804863E-01	1.536185E+03	0.000000E+00	9.792766E-01	2.412303E-05	7.498489E-12	2.500248E-10	4.641017E-07	1.027442E-02	5.672144E-04	0.000000E+00	1.658284E-12	3.608795E-13	4.996593E-03	4.995372E-06	1.123916E-06	3.659223E-05	4.670507E-04	7.898974E-04	1.259535E-07	3.451562E-05	1.258165E-05	3.513692E-03
4.870409E-01	1.535954E+03	0.000000E+00	9.791758E-01	2.410017E-05	7.444466E-12	2.479101E-10	4.580002E-07	1.037200E-02	5.715024E-04	0.000000E+00	1.626670E-12	3.520750E-13	5.052713E-03	5.101732E-06	1.107760E-06	3.637246E-05	4.716715E-04	7.795310E-04	1.239251E-07	3.450918E-05	1.239883E-05	3.462626E-03
4.971056E-01	1.535606E+03	0.000000E+00	9.790240E-01	2.406488E-05	7.362364E-12	2.447105E-10	4.488051E-07	1.051890E-02	5.779488E-04	0.000000E+00	1.579277E-12	3.389778E-13	5.137245E-03	5.264387E-06	1.083342E-06	3.604215E-05	4.786382E-04	7.638330E-04	1.208798E-07	3.449095E-05	1.212341E-05	3.385799E-03
5.158644E-01	1.534979E+03	0.000000E+00	9.787506E-01	2.399843E-05	7.212266E-12	2.388781E-10	4.322087E-07	1.078352E-02	5.895330E-04	0.000000E+00	1.494562E-12	3.158651E-13	5.289627E-03	5.565118E-06	1.039090E-06	3.544835E-05	4.912184E-04	7.352972E-04	1.154200E-07	3.443189E-05	1.162671E-05	3.247569E-03
5.384143E-01	1.534263E+03	0.000000E+00	9.784376E-01	2.391711E-05	7.036719E-12	2.319911E-10	4.131429E-07	1.108640E-02	6.027501E-04	0.000000E+00	1.398698E-12	2.901705E-13	5.464222E-03	5.921802E-06	9.880595E-07	3.476914E-05	5.056721E-04	7.022567E-04	1.092089E-07	3.432203E-05	1.105703E-05	3.089568E-03
5.723373E-01	1.533256E+03	0.000000E+00	9.779973E-01	2.379114E-05	6.782612E-12	2.218653E-10	3.861549E-07	1.151261E-02	6.212729E-04	0.000000E+00	1.265929E-12	2.554081E-13	5.710189E-03	6.446814E-06	9.156636E-07	3.381086E-05	5.261189E-04	6.551554E-04	1.005353E-07	3.408815E-05	1.025294E-05	2.867594E-03
6.062604E-01	1.532327E+03	0.000000E+00	9.775909E-01	2.365996E-05	6.538957E-12	2.123326E-10	3.610466E-07	1.190595E-02	6.382880E-04	0.000000E+00	1.145742E-12	2.248099E-13	5.937441E-03	6.956040E-06	8.483446E-07	3.291978E-05	5.451146E-04	6.111319E-04	9.259684E-08	3.378547E-05	9.507935E-06	2.663072E-03
6.401834E-01	1.531470E+03	0.000000E+00	9.772158E-01	2.352289E-05	6.304950E-12	2.039276E-10	3.376691E-07	1.226902E-02	6.539247E-04	0.000000E+00	1.036960E-12	1.978764E-13	6.147402E-03	7.447884E-06	7.858547E-07	3.208751E-05	5.627696E-04	5.700800E-04	8.532412E-08	3.342667E-05	8.817498E-06	2.474537E-03
6.718876E-01	1.530729E+03	0.000000E+00	9.768912E-01	2.338904E-05	6.094749E-12	1.960916E-10	3.172731E-07	1.258314E-02	6.673959E-04	0.000000E+00	9.445475E-13	1.756355E-13	6.329176E-03	7.890863E-06	7.315755E-07	3.135681E-05	5.781479E-04	5.342776E-04	7.907478E-08	3.304976E-05	8.217960E-06	2.311611E-03
6.969350E-01	1.530181E+03	0.000000E+00	9.766514E-01	2.327920E-05	5.935986E-12	1.851570E-10	3.020880E-07	1.281530E-02	6.773168E-04	0.000000E+00	8.774249E-13	1.598494E-13	6.463596E-03	8.229028E-06	6.913540E-07	3.080856E-05	5.895828E-04	5.076597E-04	7.448155E-08	3.272836E-05	7.773512E-06	2.191294E-03
7.219824E-01	1.529665E+03	0.000000E+00	9.764252E-01	2.316566E-05	5.781655E-12	1.781892E-10	2.876765E-07	1.303424E-02	6.866436E-04	0.000000E+00	8.151878E-13	1.454994E-13	6.590418E-03	8.556586E-06	6.533577E-07	3.028375E-05	6.004256E-04	4.824428E-04	7.017024E-08	3.238935E-05	7.353331E-06	2.077898E-03
7.452898E-01	1.529211E+03	0.000000E+00	9.762262E-01	2.305666E-05	5.623753E-12	1.719281E-10	2.749291E-07	1.322681E-02	6.948212E-04	0.000000E+00	7.605677E-13	1.333137E-13	6.701994E-03	8.851792E-06	6.199014E-07	2.981492E-05	6.100125E-04	4.601788E-04	6.639549E-08	3.206033E-05	6.983004E-06	1.978229E-03
7.633770E-01	1.528876E+03	0.000000E+00	9.760791E-01	2.296984E-05	5.520705E-12	1.684530E-10	2.654592E-07	1.336921E-02	7.008526E-04	0.000000E+00	7.206411E-13	1.245702E-13	6.784528E-03	9.074498E-06	5.951436E-07	2.946321E-05	6.171351E-04	4.436650E-04	6.361464E-08	3.179721E-05	6.708696E-06	1.904558E-03
7.814641E-01	1.528555E+03	0.000000E+00	9.759381E-01	2.288110E-05	5.419684E-12	1.642318E-10	2.563435E-07	1.350575E-02	7.066224E-04	0.000000E+00	6.832557E-13	1.164202E-13	6.863684E-03	9.291648E-06	5.713950E-07	2.912149E-05	6.239928E-04	4.277921E-04	6.095694E-08	3.152814E-05	6.445334E-06	1.833944E-03
7.995513E-01	1.528247E+03	0.000000E+00	9.758028E-01	2.279044E-05	5.320547E-12	1.597555E-10	2.475692E-07	1.363669E-02	7.121424E-04	0.000000E+00	6.480403E-13	1.088209E-13	6.939607E-03	9.503274E-06	5.486169E-07	2.878926E-05	6.305965E-04	4.125364E-04	5.841666E-08	3.125382E-05	6.192496E-06	1.766254E-03
8.176385E-01	1.527951E+03	0.000000E+00	9.756731E-01	2.269789E-05	5.223628E-12	1.552260E-10	2.391245E-07	1.376227E-02	7.174237E-04	0.000000E+00	6.147659E-13	1.017340E-13	7.012436E-03	9.709424E-06	5.267717E-07	2.846605E-05	6.369566E-04	3.978747E-04	5.598842E-08	3.097489E-05	5.949776E-06	1.701359E-03
8.357257E-01	1.527668E+03	0.000000E+00	9.755486E-01	2.260349E-05	5.128977E-12	1.507269E-10	2.309980E-07	1.388272E-02	7.224771E-04	0.000000E+00	5.832824E-13	9.512510E-14	7.082301E-03	9.910159E-06	5.058228E-07	2.815141E-05	6.430831E-04	3.837846E-04	5.366708E-08	3.069196E-05	5.716783E-06	1.639137E-03
8.586834E-01	1.527325E+03	0.000000E+00	9.753980E-01	2.248106E-05	5.012582E-12	1.450739E-10	2.211244E-07	1.402857E-02	7.285788E-04	0.000000E+00	5.457366E-13	8.737543E-14	7.166909E-03	1.015726E-05	4.804684E-07	2.776374E-05	6.505378E-04	3.666889E-04	5.086694E-08	3.032790E-05	5.434469E-06	1.563826E-03
8.865116E-01	1.526934E+03	0.000000E+00	9.752257E-01	2.232885E-05	4.875779E-12	1.387621E-10	2.097887E-07	1.419536E-02	7.355327E-04	0.000000E+00	5.036368E-13	7.886075E-14	7.263692E-03	1.044548E-05	4.514952E-07	2.731035E-05	6.591166E-04	3.470912E-04	4.767969E-08	2.988056E-05	5.111405E-06	1.477737E-03
9.143399E-01	1.526566E+03	0.000000E+00	9.750640E-01	2.217267E-05	4.743828E-12	1.326326E-10	1.991112E-07	1.435187E-02	7.420328E-04	0.000000E+00	4.649053E-13	7.121682E-14	7.354531E-03	1.072161E-05	4.243403E-07	2.687386E-05	6.672237E-04	3.286569E-04	4.470448E-08	2.942809E-05	4.808150E-06	1.396991E-03
9.421681E-01	1.526222E+03	0.000000E+00	9.749123E-01	2.201269E-05	4.616896E-12	1.267386E-10	1.890567E-07	1.449878E-02	7.481099E-04	0.000000E+00	4.293172E-13	6.435650E-14	7.439813E-03	1.098604E-05	3.988920E-07	2.645311E-05	6.748883E-04	3.113157E-04	4.192680E-08	2.897188E-05	4.523524E-06	1.321234E-03
9.699964E-01	1.525899E+03	0.000000E+00	9.747698E-01	2.184916E-05	4.494903E-12	1.210707E-10	1.795911E-07	1.463672E-02	7.537925E-04	0.000000E+00	3.966289E-13	5.820006E-14	7.519898E-03	1.123914E-05	3.750449E-07	2.604705E-05	6.821380E-04	2.950013E-04	3.933315E-08	2.851317E-05	4.256416E-06	1.250139E-03
9.978246E-01	1.525596E+03	0.000000E+00	9.746360E-01	2.168229E-05	4.377750E-12	1.156300E-10	1.706821E-07	1.476625E-02	7.591074E-04	0.000000E+00	3.666100E-13	5.267545E-14	7.595121E-03	1.148131E-05	3.526994E-07	2.565471E-05	6.889987E-04	2.796508E-04	3.691098E-08	2.805307E-05	4.005771E-06	1.183400E-03
1.025653E+00	1.525312E+03	0.000000E+00	9.745104E-01	2.151233E-05	4.265327E-12	1.104218E-10	1.622987E-07	1.488794E-02	7.640794E-04	0.000000E+00	3.390458E-13	4.771758E-14	7.665797E-03	1.171298E-05	3.317616E-07	2.527521E-05	6.954946E-04	2.652051E-04	3.464864E-08	2.759253E-05	3.770597E-06	1.120732E-03
1.053481E+00	1.525045E+03	0.000000E+00	9.743923E-01	2.133954E-05	4.157519E-12	1.054552E-10	1.544113E-07	1.500229E-02	7.687318E-04	0.000000E+00	3.137364E-13	4.326774E-14	7.732221E-03	1.193457E-05	3.121432E-07	2.490773E-05	7.016483E-04	2.516083E-04	3.253524E-08	2.713240E-05	3.549952E-06	1.061867E-03
1.081309E+00	1.524795E+03	0.000000E+00	9.742813E-01	2.116416E-05	4.054205E-12	1.007457E-10	1.469916E-07	1.510977E-02	7.730860E-04	0.000000E+00	2.904963E-13	3.927307E-14	7.794666E-03	1.214649E-05	2.937609E-07	2.455153E-05	7.074812E-04	2.388080E-04	3.056069E-08	2.667344E-05	3.342951E-06	1.006558E-03
1.109138E+00	1.524560E+03	0.000000E+00	9.741769E-01	2.098645E-05	3.955258E-12	9.632163E-11	1.400127E-07	1.521083E-02	7.771623E-04	0.000000E+00	2.691536E-13	3.568600E-14	7.853388E-03	1.234918E-05	2.765364E-07	2.420593E-05	7.130131E-04	2.267549E-04	2.871555E-08	2.621631E-05	3.148754E-06	9.545731E-04
1.136966E+00	1.524339E+03	0.000000E+00	9.740788E-01	2.080666E-05	3.861439E-12	9.163769E-11	1.334490E-07	1.530588E-02	7.809795E-04	0.000000E+00	2.495772E-13	3.246311E-14	7.908628E-03	1.254304E-05	2.603961E-07	2.387029E-05	7.182626E-04	2.154025E-04	2.699105E-08	2.576159E-05	2.966574E-06	9.056965E-04
1.164794E+00	1.524132E+03	0.000000E+00	9.739864E-01	2.062505E-05	3.770616E-12	8.734640E-11	1.272759E-07	1.539531E-02	7.845550E-04	0.000000E+00	2.316044E-13	2.956747E-14	7.960607E-03	1.272849E-05	2.452707E-07	2.354403E-05	7.232473E-04	2.047073E-04	2.537903E-08	2.530980E-05	2.795664E-06	8.597266E-04
1.203245E+00	1.523866E+03	0.000000E+00	9.738677E-01	2.037157E-05	3.651781E-12	8.185196E-11	1.193460E-07	1.551029E-02	7.891279E-04	0.000000E+00	2.091129E-13	2.603995E-14	8.027451E-03	1.297163E-05	2.259216E-07	2.310770E-05	7.297288E-04	1.909357E-04	2.332265E-08	2.469120E-05	2.576761E-06	8.006448E-04
1.251115E+00	1.523565E+03	0.000000E+00	9.737331E-01	2.005275E-05	3.513731E-12	7.554931E-11	1.103673E-07	1.564072E-02	7.942788E-04	0.000000E+00	1.845175E-13	2.230864E-14	8.103287E-03	1.325446E-05	2.041294E-07	2.258619E-05	7.371942E-04	1.752860E-04	2.101462E-08	2.393165E-05	2.329854E-06	7.336614E-04
1.316615E+00	1.523202E+03	0.000000E+00	9.735698E-01	1.961263E-05	3.341473E-12	6.777934E-11	9.951393E-08	1.579888E-02	8.004681E-04	0.000000E+00	1.560936E-13	1.817366E-14	8.195280E-03	1.360895E-05	1.779683E-07	2.190794E-05	7.464407E-04	1.562651E-04	1.825551E-08	2.291400E-05	2.032923E-06	6.524791E-04
1.382115E+00	1.522888E+03	0.000000E+00	9.734276E-01	1.917052E-05	3.186724E-12	6.092109E-11	9.010423E-08	1.593664E-02	8.058016E-04	0.000000E+00	1.326695E-13	1.492362E-14	8.275434E-03	1.392984E-05	1.554707E-07	2.126625E-05	7.547070E-04	1.396572E-04	1.589349E-08	2.192420E-05	1.777106E-06	5.818108E-04
1.480244E+00	1.522493E+03	0.000000E+00	9.732476E-01	1.850968E-05	2.983890E-12	5.211752E-11	7.827015E-08	1.611103E-02	8.124647E-04	0.000000E+00	1.049269E-13	1.128134E-14	8.376948E-03	1.435623E-05	1.274759E-07	2.036482E-05	7.655382E-04	1.185741E-04	1.296915E-08	2.049811E-05	1.458159E-06	4.924085E-04
1.500000E+00	1.522423E+03	0.000000E+00	9.732156E-01	1.837738E-05	2.946835E-12	5.054294E-11	7.617144E-08	1.614211E-02	8.136408E-04	0.000000E+00	1.002142E-13	1.068744E-14	8.395048E-03	1.443507E-05	1.225534E-07	2.019120E-05	7.675217E-04	1.148086E-04	1.245675E-08	2.021960E-05	1.402003E-06	4.764792E-04
