<experiment>
    <fileAuthor>Chemical Kinetics Laboratory, Institute of Chemistry, ELTE, Budapest, Hungary</fileAuthor>
    <fileDOI>10.24388/x20000033_x</fileDOI>
    <fileVersion>
        <major>2</major>
        <minor>0</minor>
    </fileVersion>
    <ReSpecThVersion>
        <major>2</major>
        <minor>3</minor>
    </ReSpecThVersion>
    <firstPublicationDate>2013-11-25</firstPublicationDate>
    <lastModificationDate>2020-11-18</lastModificationDate>
    <bibliographyLink>
        <description>Aung, K.T., Hassan, M.I., Faeth, G.M., Combustion and Flame, 1998, (112), 1-15.</description>
        <referenceDOI>10.1016/S0010-2180(97)81753-1</referenceDOI>
        <location>Main Article</location>
        <table>Table. 2</table>
        <figure>Fig. 7. lower center, full circle</figure>
        <details>
            <author>Aung, K T and Hassan, M I and Faeth, G M</author>
            <journal>Combust Flame</journal>
            <number>1--2</number>
            <pages>1--15</pages>
            <title>Effects of Pressure and Nitrogen Dilution on Flame / Stretch Interactions of Laminar Premixed H$_{2}$ / O$_{2}$ / N2 Flames</title>
            <volume>112</volume>
            <year>1998</year>
        </details>
    </bibliographyLink>
    <experimentType>laminar burning velocity measurement</experimentType>
    <apparatus>
        <kind>flame</kind>
        <mode>premixed</mode>
        <mode>laminar</mode>
    </apparatus>
    <commonProperties>
        <property name="pressure"                      label="P"   sourcetype="reported"   units="atm"  ><value>1</value></property>
        <property name="temperature"                   label="T"   sourcetype="reported"   units="K"    ><value>298</value></property>
        <property name="uncertainty"                   label="dT"  sourcetype="reported"   units="K"     reference="temperature"               kind="absolute"  bound="plusminus" ><value>3</value></property>
        <property name="evaluated standard deviation"  sourcetype="estimated"  units="cm/s"  reference="laminar burning velocity"  kind="absolute"  method="statistical scatter" ><value>5.29</value></property>
    </commonProperties>
    <dataGroup id="dg1">
        <property name="laminar burning velocity"  id="x1"   label="Sl"    sourcetype="reported"    units="mm/s"          />
        <property name="composition"               id="x2"   label="X_H2"  sourcetype="calculated"  units="mole fraction" >
            <speciesLink preferredKey="H2"  CAS="1333-74-0"  InChI="1S/H2/h1H"   SMILES="[HH]"  chemName="hydrogen" />
        </property>
        <property name="composition"               id="x3"   label="X_O2"  sourcetype="calculated"  units="mole fraction" >
            <speciesLink preferredKey="O2"  CAS="7782-44-7"  InChI="1S/O2/c1-2"  SMILES="O=O"   chemName="oxygen"   />
        </property>
        <property name="composition"               id="x4"   label="X_N2"  sourcetype="calculated"  units="mole fraction" >
            <speciesLink preferredKey="N2"  CAS="7727-37-9"  InChI="1S/N2/c1-2"  SMILES="N#N"   chemName="nitrogen" />
        </property>

        <dataPoint> <x1>210</x1><x2>1.305558e-001</x2><x3>1.304862e-001</x3><x4>7.389580e-001</x4></dataPoint>
        <dataPoint> <x1>450</x1><x2>1.673330e-001</x2><x3>1.248940e-001</x3><x4>7.077730e-001</x4></dataPoint>
        <dataPoint> <x1>750</x1><x2>1.994211e-001</x2><x3>1.201141e-001</x3><x4>6.804649e-001</x4></dataPoint>
        <dataPoint><x1>1040</x1><x2>2.308000e-001</x2><x3>1.154000e-001</x3><x4>6.538000e-001</x4></dataPoint>
        <dataPoint><x1>1440</x1><x2>2.728708e-001</x2><x3>1.090919e-001</x3><x4>6.180373e-001</x4></dataPoint>
        <dataPoint><x1>1690</x1><x2>3.103106e-001</x2><x3>1.034576e-001</x3><x4>5.862319e-001</x4></dataPoint>
        <dataPoint><x1>1670</x1><x2>3.338815e-001</x2><x3>9.994134e-002</x3><x4>5.661771e-001</x4></dataPoint>
        <dataPoint><x1>1690</x1><x2>3.545785e-001</x2><x3>9.682825e-002</x3><x4>5.485933e-001</x4></dataPoint>
        <dataPoint><x1>1620</x1><x2>3.942748e-001</x2><x3>9.086568e-002</x3><x4>5.148595e-001</x4></dataPoint>
        <dataPoint><x1>1490</x1><x2>4.285806e-001</x2><x3>8.570011e-002</x3><x4>4.857193e-001</x4></dataPoint>
        <dataPoint><x1>1280</x1><x2>4.738396e-001</x2><x3>7.894432e-002</x3><x4>4.472161e-001</x4></dataPoint>
        <dataPoint><x1>1000</x1><x2>5.124845e-001</x2><x3>7.314585e-002</x3><x4>4.143697e-001</x4></dataPoint>
        <dataPoint> <x1>830</x1><x2>5.452236e-001</x2><x3>6.820180e-002</x3><x4>3.865746e-001</x4></dataPoint>
    </dataGroup>
    <comment>The reported data are from Table 2.</comment>
</experiment>
