<experiment>
    <fileAuthor>Chemical Kinetics Laboratory, Institute of Chemistry, ELTE, Budapest, Hungary</fileAuthor>
    <fileDOI>10.24388/x20000034</fileDOI>
    <fileVersion>
        <major>2</major>
        <minor>0</minor>
    </fileVersion>
    <ReSpecThVersion>
        <major>2</major>
        <minor>3</minor>
    </ReSpecThVersion>
    <firstPublicationDate>2013-11-25</firstPublicationDate>
    <lastModificationDate>2020-11-18</lastModificationDate>
    <bibliographyLink>
        <description>Aung, K.T., Hassan, M.I., Faeth, G.M., Combustion and Flame, 1998, (112), 1-15.</description>
        <referenceDOI>10.1016/S0010-2180(97)81753-1</referenceDOI>
        <location>Main Article</location>
        <table>Table. 2</table>
        <figure>Fig. 7. upper center, full circle</figure>
        <details>
            <author>Aung, K T and Hassan, M I and Faeth, G M</author>
            <journal>Combust Flame</journal>
            <number>1--2</number>
            <pages>1--15</pages>
            <title>Effects of Pressure and Nitrogen Dilution on Flame / Stretch Interactions of Laminar Premixed H$_{2}$ / O$_{2}$ / N2 Flames</title>
            <volume>112</volume>
            <year>1998</year>
        </details>
    </bibliographyLink>
    <experimentType>laminar burning velocity measurement</experimentType>
    <apparatus>
        <kind>flame</kind>
        <mode>premixed</mode>
        <mode>laminar</mode>
    </apparatus>
    <commonProperties>
        <property name="pressure"                      label="P"   sourcetype="reported"   units="atm"  ><value>1</value></property>
        <property name="temperature"                   label="T"   sourcetype="reported"   units="K"    ><value>298</value></property>
        <property name="uncertainty"                   label="dT"  sourcetype="reported"   units="K"     reference="temperature"               kind="absolute"  bound="plusminus" ><value>3</value></property>
        <property name="evaluated standard deviation"  sourcetype="estimated"  units="cm/s"  reference="laminar burning velocity"  kind="absolute"  method="statistical scatter" ><value>2.32</value></property>
    </commonProperties>
    <dataGroup id="dg1">
        <property name="laminar burning velocity"  id="x1"   label="Sl"    sourcetype="reported"    units="mm/s"          />
        <property name="composition"               id="x2"   label="X_H2"  sourcetype="calculated"  units="mole fraction" >
            <speciesLink preferredKey="H2"  CAS="1333-74-0"  InChI="1S/H2/h1H"   SMILES="[HH]"  chemName="hydrogen" />
        </property>
        <property name="composition"               id="x3"   label="X_O2"  sourcetype="calculated"  units="mole fraction" >
            <speciesLink preferredKey="O2"  CAS="7782-44-7"  InChI="1S/O2/c1-2"  SMILES="O=O"   chemName="oxygen"   />
        </property>
        <property name="composition"               id="x4"   label="X_N2"  sourcetype="calculated"  units="mole fraction" >
            <speciesLink preferredKey="N2"  CAS="7727-37-9"  InChI="1S/N2/c1-2"  SMILES="N#N"   chemName="nitrogen" />
        </property>

        <dataPoint> <x1>560</x1><x2>1.734888e-001</x2><x3>1.446002e-001</x3><x4>6.819110e-001</x4></dataPoint>
        <dataPoint><x1>1080</x1><x2>2.186798e-001</x2><x3>1.366973e-001</x3><x4>6.446229e-001</x4></dataPoint>
        <dataPoint><x1>1530</x1><x2>2.591519e-001</x2><x3>1.296259e-001</x3><x4>6.112222e-001</x4></dataPoint>
        <dataPoint><x1>1920</x1><x2>2.958285e-001</x2><x3>1.232437e-001</x3><x4>5.809279e-001</x4></dataPoint>
        <dataPoint><x1>2210</x1><x2>3.442782e-001</x2><x3>1.147594e-001</x3><x4>5.409624e-001</x4></dataPoint>
        <dataPoint><x1>2160</x1><x2>3.864545e-001</x2><x3>1.073631e-001</x3><x4>5.061824e-001</x4></dataPoint>
        <dataPoint><x1>1980</x1><x2>4.116956e-001</x2><x3>1.029239e-001</x3><x4>4.853805e-001</x4></dataPoint>
        <dataPoint><x1>1930</x1><x2>4.350242e-001</x2><x3>9.888878e-002</x3><x4>4.660870e-001</x4></dataPoint>
        <dataPoint><x1>1800</x1><x2>4.763994e-001</x2><x3>9.160338e-002</x3><x4>4.319973e-001</x4></dataPoint>
        <dataPoint><x1>1660</x1><x2>5.120955e-001</x2><x3>8.537648e-002</x3><x4>4.025280e-001</x4></dataPoint>
        <dataPoint><x1>1440</x1><x2>5.506123e-001</x2><x3>7.864655e-002</x3><x4>3.707411e-001</x4></dataPoint>
        <dataPoint><x1>1190</x1><x2>5.831634e-001</x2><x3>7.294073e-002</x3><x4>3.438958e-001</x4></dataPoint>
    </dataGroup>
    <comment>The reported data are from Table 2.</comment>
</experiment>
