<experiment>
    <fileAuthor>Chemical Kinetics Laboratory, Institute of Chemistry, ELTE, Budapest, Hungary</fileAuthor>
    <fileDOI>10.24388/x20000035</fileDOI>
    <fileVersion>
        <major>2</major>
        <minor>0</minor>
    </fileVersion>
    <ReSpecThVersion>
        <major>2</major>
        <minor>3</minor>
    </ReSpecThVersion>
    <firstPublicationDate>2013-11-25</firstPublicationDate>
    <lastModificationDate>2020-11-18</lastModificationDate>
    <bibliographyLink>
        <description>Egolfopoulos, F.N., Law, C.K., Proceedings of the Combustion Institute, 1990, (23), 333-340.</description>
        <referenceDOI>10.1016/S0082-0784(06)80276-6</referenceDOI>
        <location>Main Article</location>
        <figure>Fig. 3., open square</figure>
        <details>
            <author>Egolfopoulos, F N and Law, C K</author>
            <journal>Symp (Int) Combust</journal>
            <number>1</number>
            <pages>333--340</pages>
            <title>An experimental and computational study of the burning rates of ultra-lean to moderately-rich H$_{2}$/O$_{2}$/N2 laminar flames with pressure variations</title>
            <volume>23</volume>
            <year>1991</year>
        </details>
    </bibliographyLink>
    <experimentType>laminar burning velocity measurement</experimentType>
    <apparatus>
        <kind>flame</kind>
        <mode>premixed</mode>
        <mode>laminar</mode>
    </apparatus>
    <commonProperties>
        <property name="pressure"                      label="P"  sourcetype="reported"   units="atm"  ><value>1</value></property>
        <property name="temperature"                   label="T"  sourcetype="reported"   units="K"    ><value>298</value></property>
        <property name="evaluated standard deviation"  sourcetype="estimated"  units="cm/s"  reference="laminar burning velocity"  kind="absolute"  method="statistical scatter" ><value>2.32</value></property>
    </commonProperties>
    <dataGroup id="dg1">
        <property name="laminar burning velocity"  id="x1"   label="Sl"    sourcetype="digitized"   units="cm/s"          />
        <property name="composition"               id="x2"   label="X_H2"  sourcetype="calculated"  units="mole fraction" >
            <speciesLink preferredKey="H2"  CAS="1333-74-0"  InChI="1S/H2/h1H"   SMILES="[HH]"  chemName="hydrogen" />
        </property>
        <property name="composition"               id="x3"   label="X_O2"  sourcetype="calculated"  units="mole fraction" >
            <speciesLink preferredKey="O2"  CAS="7782-44-7"  InChI="1S/O2/c1-2"  SMILES="O=O"   chemName="oxygen"   />
        </property>
        <property name="composition"               id="x4"   label="X_N2"  sourcetype="calculated"  units="mole fraction" >
            <speciesLink preferredKey="N2"  CAS="7727-37-9"  InChI="1S/N2/c1-2"  SMILES="N#N"   chemName="nitrogen" />
        </property>

        <dataPoint><x1>1.130000e+001</x1><x2>8.365656e-002</x2><x3>2.748125e-001</x3><x4>6.415310e-001</x4></dataPoint>
        <dataPoint><x1>1.300000e+001</x1><x2>9.315554e-002</x2><x3>2.720533e-001</x3><x4>6.347911e-001</x4></dataPoint>
        <dataPoint><x1>1.420000e+001</x1><x2>1.012517e-001</x2><x3>2.696622e-001</x3><x4>6.290861e-001</x4></dataPoint>
        <dataPoint><x1>1.700000e+001</x1><x2>1.096785e-001</x2><x3>2.669918e-001</x3><x4>6.233298e-001</x4></dataPoint>
        <dataPoint><x1>1.870000e+001</x1><x2>1.176741e-001</x2><x3>2.647304e-001</x3><x4>6.175955e-001</x4></dataPoint>
        <dataPoint><x1>2.210000e+001</x1><x2>1.263803e-001</x2><x3>2.620554e-001</x3><x4>6.115643e-001</x4></dataPoint>
        <dataPoint><x1>2.610000e+001</x1><x2>1.332977e-001</x2><x3>2.599528e-001</x3><x4>6.067495e-001</x4></dataPoint>
        <dataPoint><x1>3.060000e+001</x1><x2>1.397648e-001</x2><x3>2.580706e-001</x3><x4>6.021646e-001</x4></dataPoint>
        <dataPoint><x1>3.740000e+001</x1><x2>1.490557e-001</x2><x3>2.552313e-001</x3><x4>5.957130e-001</x4></dataPoint>
        <dataPoint><x1>4.700000e+001</x1><x2>1.677919e-001</x2><x3>2.496624e-001</x3><x4>5.825457e-001</x4></dataPoint>
        <dataPoint><x1>6.460000e+001</x1><x2>1.856314e-001</x2><x3>2.442896e-001</x3><x4>5.700791e-001</x4></dataPoint>
        <dataPoint><x1>8.720000e+001</x1><x2>2.027530e-001</x2><x3>2.391163e-001</x3><x4>5.581306e-001</x4></dataPoint>
        <dataPoint><x1>1.178000e+002</x1><x2>2.209442e-001</x2><x3>2.336460e-001</x3><x4>5.454097e-001</x4></dataPoint>
        <dataPoint><x1>1.394000e+002</x1><x2>2.337230e-001</x2><x3>2.298163e-001</x3><x4>5.364607e-001</x4></dataPoint>
        <dataPoint><x1>1.513000e+002</x1><x2>2.446675e-001</x2><x3>2.266317e-001</x3><x4>5.287009e-001</x4></dataPoint>
        <dataPoint><x1>1.926000e+002</x1><x2>2.657450e-001</x2><x3>2.203351e-001</x3><x4>5.139199e-001</x4></dataPoint>
    </dataGroup>
</experiment>
