*
t[ms]       	T[K]        	X-N2        	X-AR        	X-H         	X-O2        	X-O         	X-OH        	X-H2        	X-H2O       	X-HE        	X-HO2       	X-H2O2      	X-CO        	X-CO2       	X-HCO       	X-CH3       	X-CH4       	X-CH2O      	X-CH3O      	X-C2H6      	X-CH2OH     	X-CH3OH     
0.000000E+00	1.458000E+03	0.000000E+00	9.900000E-01	0.000000E+00	0.000000E+00	0.000000E+00	0.000000E+00	0.000000E+00	0.000000E+00	0.000000E+00	0.000000E+00	0.000000E+00	0.000000E+00	0.000000E+00	0.000000E+00	0.000000E+00	0.000000E+00	0.000000E+00	0.000000E+00	0.000000E+00	0.000000E+00	1.000000E-02
1.622615E-05	1.458000E+03	0.000000E+00	9.900000E-01	1.420535E-11	3.780695E-27	1.573985E-18	2.582807E-09	1.138020E-13	3.511532E-11	0.000000E+00	5.150500E-23	3.081121E-20	4.048478E-20	2.316232E-30	9.096246E-21	2.617795E-09	1.268247E-13	1.340672E-12	1.504157E-11	4.512518E-18	3.195218E-11	9.999997E-03
6.306018E-05	1.458000E+03	0.000000E+00	9.900000E-01	9.858739E-11	2.126825E-24	7.311285E-17	9.697864E-09	2.281794E-12	4.762214E-10	0.000000E+00	6.332633E-21	1.457225E-18	4.656739E-18	3.015988E-27	2.460997E-18	1.017233E-08	1.759200E-12	5.043054E-11	1.726382E-10	2.252930E-16	3.076322E-10	9.999989E-03
1.725803E-04	1.457999E+03	0.000000E+00	9.900000E-01	8.311113E-10	2.709169E-22	1.231288E-15	2.448115E-08	4.197258E-11	3.362662E-09	0.000000E+00	2.155740E-19	2.545918E-17	2.185717E-16	1.077389E-24	2.057342E-16	2.783072E-08	1.309052E-11	7.350448E-10	8.659725E-10	4.462867E-15	1.954745E-09	9.999968E-03
3.208322E-04	1.457999E+03	0.000000E+00	9.899999E-01	3.331760E-09	4.689441E-21	6.422834E-15	4.094087E-08	3.081143E-10	1.082125E-08	0.000000E+00	1.607637E-18	1.389241E-16	2.657801E-15	3.774639E-23	2.686574E-15	5.171687E-08	4.519952E-11	3.383252E-09	1.903738E-09	2.866161E-14	6.144174E-09	9.999936E-03
5.644014E-04	1.457997E+03	0.000000E+00	9.899999E-01	1.063125E-08	5.394979E-20	2.522796E-14	6.107460E-08	1.817700E-09	2.998303E-08	0.000000E+00	8.320621E-18	5.845789E-16	2.804009E-14	1.057317E-21	2.305289E-14	9.091754E-08	1.398046E-10	1.199752E-08	3.334651E-09	1.558821E-13	1.705959E-08	9.999876E-03
9.361122E-04	1.457996E+03	0.000000E+00	9.899998E-01	2.657014E-08	3.901589E-19	7.244784E-14	8.045295E-08	8.098864E-09	7.057161E-08	0.000000E+00	3.036270E-17	1.853841E-15	2.302862E-13	1.942235E-20	1.308658E-13	1.506388E-07	3.843960E-10	3.392048E-08	4.868278E-09	7.100999E-13	4.101325E-08	9.999767E-03
1.363943E-03	1.457994E+03	0.000000E+00	9.899997E-01	4.832088E-08	1.437603E-18	1.378212E-13	9.263755E-08	2.286370E-08	1.274055E-07	0.000000E+00	7.073065E-17	3.922056E-15	1.056903E-12	1.565966E-19	4.244057E-13	2.192231E-07	8.156664E-10	7.009494E-08	6.018480E-09	2.192385E-12	7.605545E-08	9.999625E-03
1.960135E-03	1.457991E+03	0.000000E+00	9.899995E-01	8.041562E-08	4.330281E-18	2.249679E-13	1.005517E-07	5.837088E-08	2.156687E-07	0.000000E+00	1.454212E-16	7.284016E-15	4.363802E-12	1.064951E-18	1.220714E-12	3.145241E-07	1.683623E-09	1.372244E-07	7.046773E-09	6.490207E-12	1.329927E-07	9.999402E-03
2.556327E-03	1.457989E+03	0.000000E+00	9.899994E-01	1.124917E-07	8.838890E-18	2.987363E-13	1.037413E-07	1.116442E-07	3.086588E-07	0.000000E+00	2.337415E-16	1.071931E-14	1.196977E-11	4.084859E-18	2.558102E-12	4.095097E-07	2.862046E-09	2.221064E-07	7.759354E-09	1.435899E-11	1.952728E-07	9.999156E-03
3.525057E-03	1.457984E+03	0.000000E+00	9.899990E-01	1.634355E-07	1.916749E-17	3.961705E-13	1.054121E-07	2.355145E-07	4.632827E-07	0.000000E+00	3.953761E-16	1.589792E-14	3.963614E-11	1.967927E-17	6.141696E-12	5.631824E-07	5.437762E-09	3.961747E-07	8.662624E-09	3.749290E-11	3.019956E-07	9.998715E-03
4.640119E-03	1.457979E+03	0.000000E+00	9.899986E-01	2.208392E-07	3.516360E-17	4.920586E-13	1.058360E-07	4.339979E-07	6.428082E-07	0.000000E+00	6.015630E-16	2.100122E-14	1.093169E-10	7.325819E-17	1.295928E-11	7.390610E-07	9.413539E-09	6.512227E-07	9.580760E-09	8.510388E-11	4.285539E-07	9.998148E-03
6.194181E-03	1.457970E+03	0.000000E+00	9.899979E-01	3.001841E-07	6.460641E-17	6.176110E-13	1.059749E-07	8.089890E-07	8.935964E-07	0.000000E+00	9.194863E-16	2.669015E-14	3.179763E-10	2.882475E-16	2.864030E-11	9.824148E-07	1.675498E-08	1.104403E-06	1.081796E-08	2.011048E-10	6.075318E-07	9.997256E-03
8.478924E-03	1.457957E+03	0.000000E+00	9.899967E-01	4.171065E-07	1.239597E-16	8.002183E-13	1.061238E-07	1.567944E-06	1.262780E-06	0.000000E+00	1.448012E-15	3.272952E-14	1.025951E-09	1.282440E-15	6.884263E-11	1.336538E-06	3.134500E-08	1.978471E-06	1.263552E-08	5.108407E-10	8.732296E-07	9.995732E-03
1.164531E-02	1.457936E+03	0.000000E+00	9.899946E-01	5.804490E-07	2.417233E-16	1.055533E-12	1.064336E-07	3.031173E-06	1.775576E-06	0.000000E+00	2.297393E-15	3.805374E-14	3.407468E-09	5.894131E-15	1.698396E-10	1.820380E-06	5.901887E-08	3.601648E-06	1.517904E-08	1.306091E-09	1.244774E-06	9.993198E-03
1.667622E-02	1.457896E+03	0.000000E+00	9.899902E-01	8.426431E-07	5.283418E-16	1.469404E-12	1.071956E-07	6.350262E-06	2.594590E-06	0.000000E+00	3.916769E-15	4.258460E-14	1.353032E-08	3.407525E-14	4.802990E-10	2.573489E-06	1.207829E-07	7.171428E-06	1.927323E-08	3.757577E-09	1.840848E-06	9.988154E-03
2.651853E-02	1.457799E+03	0.000000E+00	9.899781E-01	1.360678E-06	1.537312E-15	2.317270E-12	1.096713E-07	1.642767E-05	4.221470E-06	0.000000E+00	7.990213E-15	4.669833E-14	8.253830E-08	3.466288E-13	1.875759E-09	3.996864E-06	3.051938E-07	1.768169E-05	2.739956E-08	1.454323E-08	3.016113E-06	9.974638E-03
3.755582E-02	1.457656E+03	0.000000E+00	9.899588E-01	1.940090E-06	3.599500E-15	3.346717E-12	1.139434E-07	3.344688E-05	6.105931E-06	0.000000E+00	1.387848E-14	5.052814E-14	3.243690E-07	2.058586E-12	5.234216E-09	5.525924E-06	6.145675E-07	3.494009E-05	3.653352E-08	3.969441E-08	4.324446E-06	9.953734E-03
4.859311E-02	1.457481E+03	0.000000E+00	9.899335E-01	2.506898E-06	6.946560E-15	4.476268E-12	1.196084E-07	5.653703E-05	8.079931E-06	0.000000E+00	2.104928E-14	5.559568E-14	8.935807E-07	7.889604E-12	1.111709E-08	6.995894E-06	1.037913E-06	5.772545E-05	4.549421E-08	8.287270E-08	5.594700E-06	9.926858E-03
5.963041E-02	1.457275E+03	0.000000E+00	9.899021E-01	3.051853E-06	1.188121E-14	5.711132E-12	1.263665E-07	8.564683E-05	1.016660E-05	0.000000E+00	2.940609E-14	6.216127E-14	1.989063E-06	2.324515E-11	2.001144E-08	8.413834E-06	1.583208E-06	8.561076E-05	5.410893E-08	1.479748E-07	6.803281E-06	9.894241E-03
7.141707E-02	1.457023E+03	0.000000E+00	9.898621E-01	3.602095E-06	1.920325E-14	7.136187E-12	1.343913E-07	1.232468E-04	1.253927E-05	0.000000E+00	3.953860E-14	7.070928E-14	3.995794E-06	6.064141E-11	3.315205E-08	9.871640E-06	2.310952E-06	1.203969E-04	6.277616E-08	2.455697E-07	8.006420E-06	9.853438E-03
8.799988E-02	1.456619E+03	0.000000E+00	9.897948E-01	4.311691E-06	3.352425E-14	9.277540E-12	1.462880E-07	1.871397E-04	1.615489E-05	0.000000E+00	5.567636E-14	8.489287E-14	8.831232E-06	1.842776E-10	5.812562E-08	1.181204E-05	3.612514E-06	1.766308E-04	7.384136E-08	4.384100E-07	9.522985E-06	9.786508E-03
1.020045E-01	1.456240E+03	0.000000E+00	9.897283E-01	4.848843E-06	4.944879E-14	1.114467E-11	1.562148E-07	2.506309E-04	1.947045E-05	0.000000E+00	7.074187E-14	9.817136E-14	1.527057E-05	4.025781E-10	8.477397E-08	1.332850E-05	4.986082E-06	2.292556E-04	8.206629E-08	6.562473E-07	1.063527E-05	9.722300E-03
1.160091E-01	1.455832E+03	0.000000E+00	9.896536E-01	5.329994E-06	6.876389E-14	1.299943E-11	1.655553E-07	3.223374E-04	2.302237E-05	0.000000E+00	8.680421E-14	1.119624E-13	2.432235E-05	7.892301E-10	1.158417E-07	1.470859E-05	6.627516E-06	2.851640E-04	8.925760E-08	9.263130E-07	1.159640E-05	9.652023E-03
1.300138E-01	1.455401E+03	0.000000E+00	9.895711E-01	5.758411E-06	9.110875E-14	1.478707E-11	1.740297E-07	4.017517E-04	2.679821E-05	0.000000E+00	1.035311E-13	1.256812E-13	3.634406E-05	1.419939E-09	1.505111E-07	1.593167E-05	8.546394E-06	3.431300E-04	9.545988E-08	1.247806E-06	1.241601E-05	9.576557E-03
1.440184E-01	1.454951E+03	0.000000E+00	9.894814E-01	6.138418E-06	1.159423E-13	1.646499E-11	1.814900E-07	4.883598E-04	3.077998E-05	0.000000E+00	1.205837E-13	1.388484E-13	5.161356E-05	2.382719E-09	1.878974E-07	1.698346E-05	1.074536E-05	4.020729E-04	1.007442E-07	1.617520E-06	1.310677E-05	9.496713E-03
1.580230E-01	1.454486E+03	0.000000E+00	9.893850E-01	6.474567E-06	1.426149E-13	1.800343E-11	1.878822E-07	5.816490E-04	3.494654E-05	0.000000E+00	1.376364E-13	1.511049E-13	7.032687E-05	3.774690E-09	2.271240E-07	1.785782E-05	1.322000E-05	4.610720E-04	1.051920E-07	2.030201E-06	1.368219E-05	9.413232E-03
1.740526E-01	1.453941E+03	0.000000E+00	9.892671E-01	6.811041E-06	1.745144E-13	1.957010E-11	1.938984E-07	6.959741E-04	3.991325E-05	0.000000E+00	1.567711E-13	1.637032E-13	9.612065E-05	6.026811E-09	2.732271E-07	1.864358E-05	1.637646E-05	5.276956E-04	1.093612E-07	2.546579E-06	1.421601E-05	9.314062E-03
1.961571E-01	1.453173E+03	0.000000E+00	9.890925E-01	7.200703E-06	2.191359E-13	2.137096E-11	2.000474E-07	8.655043E-04	4.704743E-05	0.000000E+00	1.817980E-13	1.782094E-13	1.394347E-04	1.056370E-08	3.369893E-07	1.937681E-05	2.125049E-05	6.164130E-04	1.137001E-07	3.315384E-06	1.476495E-05	9.172502E-03
2.182616E-01	1.452393E+03	0.000000E+00	9.889060E-01	7.515941E-06	2.624394E-13	2.275985E-11	2.039597E-07	1.047051E-03	5.443346E-05	0.000000E+00	2.045118E-13	1.892306E-13	1.915618E-04	1.711768E-08	3.988559E-07	1.975839E-05	2.665088E-05	6.999617E-04	1.166484E-07	4.122644E-06	1.513334E-05	9.027105E-03
2.403662E-01	1.451610E+03	0.000000E+00	9.887093E-01	7.767862E-06	3.026867E-13	2.376733E-11	2.059547E-07	1.238746E-03	6.199132E-05	0.000000E+00	2.243370E-13	1.968690E-13	2.520536E-04	2.604444E-08	4.570828E-07	1.985825E-05	3.248213E-05	7.772714E-04	1.184435E-07	4.941481E-06	1.535535E-05	8.879457E-03
2.624707E-01	1.450827E+03	0.000000E+00	9.885042E-01	7.966177E-06	3.387296E-13	2.443993E-11	2.063602E-07	1.438812E-03	6.965012E-05	0.000000E+00	2.409495E-13	2.014277E-13	3.202610E-04	3.764173E-08	5.105154E-07	1.974512E-05	3.864820E-05	8.477726E-04	1.192947E-07	5.750414E-06	1.545983E-05	8.730836E-03
2.845752E-01	1.450049E+03	0.000000E+00	9.882925E-01	8.119530E-06	3.699535E-13	2.483114E-11	2.054903E-07	1.645600E-03	7.734926E-05	0.000000E+00	2.542544E-13	2.033256E-13	3.954156E-04	5.214047E-08	5.585085E-07	1.947948E-05	4.505976E-05	9.112698E-04	1.193854E-07	6.533838E-06	1.547126E-05	8.582259E-03
3.066798E-01	1.449279E+03	0.000000E+00	9.880756E-01	8.235613E-06	3.961739E-13	2.499485E-11	2.036312E-07	1.857611E-03	8.503848E-05	0.000000E+00	2.643451E-13	2.030284E-13	4.766954E-04	6.970371E-08	6.008231E-07	1.911082E-05	5.163810E-05	9.678359E-04	1.188750E-07	7.281464E-06	1.541025E-05	8.434519E-03
3.287843E-01	1.448519E+03	0.000000E+00	9.878549E-01	8.321183E-06	4.175209E-13	2.498101E-11	2.010319E-07	2.073508E-03	9.267745E-05	0.000000E+00	2.714529E-13	2.009965E-13	5.632754E-04	9.043123E-08	6.375188E-07	1.867761E-05	5.831670E-05	1.017727E-03	1.178993E-07	7.987317E-06	1.529389E-05	8.288222E-03
3.508888E-01	1.447771E+03	0.000000E+00	9.876316E-01	8.382069E-06	4.343308E-13	2.483324E-11	1.979013E-07	2.292124E-03	1.002347E-04	0.000000E+00	2.758951E-13	1.976505E-13	6.543620E-04	1.143675E-07	6.688570E-07	1.820856E-05	6.504115E-05	1.061313E-03	1.165712E-07	8.648652E-06	1.513617E-05	8.143819E-03
3.729933E-01	1.447035E+03	0.000000E+00	9.874067E-01	8.423205E-06	4.470576E-13	2.458799E-11	1.944089E-07	2.512451E-03	1.076865E-04	0.000000E+00	2.780298E-13	1.933534E-13	7.492149E-04	1.415112E-07	6.952205E-07	1.772439E-05	7.176809E-05	1.099032E-03	1.149832E-07	9.265003E-06	1.494830E-05	8.001635E-03
3.950979E-01	1.446312E+03	0.000000E+00	9.871810E-01	8.448701E-06	4.562060E-13	2.427463E-11	1.906883E-07	2.733635E-03	1.150156E-04	0.000000E+00	2.782221E-13	1.884048E-13	8.471586E-04	1.718240E-07	7.170535E-07	1.723954E-05	7.846379E-05	1.131350E-03	1.132092E-07	9.837406E-06	1.473915E-05	7.861897E-03
4.172024E-01	1.445603E+03	0.000000E+00	9.869553E-01	8.461932E-06	4.622847E-13	2.391616E-11	1.868422E-07	2.954952E-03	1.222098E-04	0.000000E+00	2.768194E-13	1.830433E-13	9.475871E-04	2.052399E-07	7.348195E-07	1.676372E-05	8.510257E-05	1.158737E-03	1.113079E-07	1.036783E-05	1.451562E-05	7.724753E-03
4.422328E-01	1.444816E+03	0.000000E+00	9.867004E-01	8.465530E-06	4.660694E-13	2.347776E-11	1.824317E-07	3.204972E-03	1.301838E-04	0.000000E+00	2.737026E-13	1.767041E-13	1.063634E-03	2.467146E-07	7.505984E-07	1.624354E-05	9.252753E-05	1.184369E-03	1.090579E-07	1.092093E-05	1.425177E-05	7.572697E-03
4.760410E-01	1.443782E+03	0.000000E+00	9.863586E-01	8.456435E-06	4.670279E-13	2.286169E-11	1.765134E-07	3.540475E-03	1.406526E-04	0.000000E+00	2.675862E-13	1.680155E-13	1.223155E-03	3.086059E-07	7.656439E-07	1.558069E-05	1.023678E-04	1.210987E-03	1.059380E-07	1.159463E-05	1.388682E-05	7.372872E-03
5.098492E-01	1.442780E+03	0.000000E+00	9.860208E-01	8.436432E-06	4.644074E-13	2.224501E-11	1.707511E-07	3.872232E-03	1.507709E-04	0.000000E+00	2.599935E-13	1.594657E-13	1.384610E-03	3.768695E-07	7.747126E-07	1.496792E-05	1.119647E-04	1.229681E-03	1.028008E-07	1.219297E-05	1.352056E-05	7.179421E-03
5.436574E-01	1.441809E+03	0.000000E+00	9.856879E-01	8.409527E-06	4.592595E-13	2.164552E-11	1.652140E-07	4.199243E-03	1.605418E-04	0.000000E+00	2.515221E-13	1.512403E-13	1.546880E-03	4.510727E-07	7.789499E-07	1.440533E-05	1.213025E-04	1.241685E-03	9.970064E-08	1.272514E-05	1.315904E-05	6.992232E-03
5.774656E-01	1.440868E+03	0.000000E+00	9.853608E-01	8.378471E-06	4.523917E-13	2.107251E-11	1.599347E-07	4.520790E-03	1.699736E-04	0.000000E+00	2.426048E-13	1.434353E-13	1.709072E-03	5.307772E-07	7.793026E-07	1.389027E-05	1.303752E-04	1.248062E-03	9.667053E-08	1.319942E-05	1.280581E-05	6.811128E-03
6.112738E-01	1.439957E+03	0.000000E+00	9.850398E-01	8.345134E-06	4.444097E-13	2.053089E-11	1.549225E-07	4.836365E-03	1.790776E-04	0.000000E+00	2.335445E-13	1.360902E-13	1.870482E-03	6.155508E-07	7.765448E-07	1.341890E-05	1.391832E-04	1.249723E-03	9.372950E-08	1.362302E-05	1.246285E-05	6.635896E-03
6.450820E-01	1.439074E+03	0.000000E+00	9.847253E-01	8.310767E-06	4.357582E-13	2.002130E-11	1.501737E-07	5.145624E-03	1.878668E-04	0.000000E+00	2.245473E-13	1.292098E-13	2.030553E-03	7.049744E-07	7.713042E-07	1.298696E-05	1.477305E-04	1.247442E-03	9.088738E-08	1.400221E-05	1.213109E-05	6.466305E-03
6.788901E-01	1.438217E+03	0.000000E+00	9.844176E-01	8.276201E-06	4.267593E-13	1.954325E-11	1.456768E-07	5.448343E-03	1.963544E-04	0.000000E+00	2.157477E-13	1.227799E-13	2.188850E-03	7.986459E-07	7.640898E-07	1.259025E-05	1.560238E-04	1.241877E-03	8.814814E-08	1.434235E-05	1.181084E-05	6.302124E-03
7.126983E-01	1.437386E+03	0.000000E+00	9.841167E-01	8.241971E-06	4.176415E-13	1.909483E-11	1.414165E-07	5.744391E-03	2.045540E-04	0.000000E+00	2.072298E-13	1.167754E-13	2.345038E-03	8.961824E-07	7.553137E-07	1.222487E-05	1.640707E-04	1.233582E-03	8.551203E-08	1.464802E-05	1.150200E-05	6.143123E-03
7.465065E-01	1.436580E+03	0.000000E+00	9.838228E-01	8.208415E-06	4.085637E-13	1.867393E-11	1.373761E-07	6.033709E-03	2.124788E-04	0.000000E+00	1.990417E-13	1.111669E-13	2.498855E-03	9.972209E-07	7.453102E-07	1.188727E-05	1.718798E-04	1.223028E-03	8.297710E-08	1.492317E-05	1.120426E-05	5.989078E-03
7.996770E-01	1.435360E+03	0.000000E+00	9.833744E-01	8.157463E-06	3.946135E-13	1.806294E-11	1.314265E-07	6.475099E-03	2.244163E-04	0.000000E+00	1.868833E-13	1.030728E-13	2.735512E-03	1.162391E-06	7.277312E-07	1.140511E-05	1.837008E-04	1.202796E-03	7.918686E-08	1.530211E-05	1.075733E-05	5.756330E-03
8.528475E-01	1.434195E+03	0.000000E+00	9.829429E-01	8.109030E-06	3.812661E-13	1.750563E-11	1.259180E-07	6.899991E-03	2.357509E-04	0.000000E+00	1.756132E-13	9.576588E-14	2.965308E-03	1.334144E-06	7.085919E-07	1.097369E-05	1.949880E-04	1.179196E-03	7.562276E-08	1.562463E-05	1.033475E-05	5.534549E-03
9.060180E-01	1.433082E+03	0.000000E+00	9.825280E-01	8.063184E-06	3.686294E-13	1.699301E-11	1.207957E-07	7.308705E-03	2.465247E-04	0.000000E+00	1.651964E-13	8.914229E-14	3.187938E-03	1.511361E-06	6.884889E-07	1.058470E-05	2.057734E-04	1.153195E-03	7.226785E-08	1.589940E-05	9.934500E-06	5.323029E-03
9.591885E-01	1.432017E+03	0.000000E+00	9.821291E-01	8.019840E-06	3.567306E-13	1.651124E-11	1.160125E-07	7.701663E-03	2.567757E-04	0.000000E+00	1.555736E-13	8.311243E-14	3.403260E-03	1.693025E-06	6.678585E-07	1.023146E-05	2.160865E-04	1.125539E-03	6.910560E-08	1.613338E-05	9.554694E-06	5.121128E-03
9.894606E-01	1.431432E+03	0.000000E+00	9.819089E-01	7.996214E-06	3.502854E-13	1.626362E-11	1.134252E-07	7.918535E-03	2.623917E-04	0.000000E+00	1.504232E-13	7.991496E-14	3.522571E-03	1.798087E-06	6.560036E-07	1.004423E-05	2.217578E-04	1.109281E-03	6.738545E-08	1.625060E-05	9.346933E-06	5.010249E-03
1.017242E+00	1.430907E+03	0.000000E+00	9.817113E-01	7.975166E-06	3.445494E-13	1.607145E-11	1.111305E-07	8.113288E-03	2.674115E-04	0.000000E+00	1.458914E-13	7.711757E-14	3.629976E-03	1.895376E-06	6.451055E-07	9.880341E-06	2.268398E-04	1.094129E-03	6.585510E-08	1.634893E-05	9.161365E-06	4.910985E-03
1.045023E+00	1.430394E+03	0.000000E+00	9.815177E-01	7.954701E-06	3.389732E-13	1.586517E-11	1.089073E-07	8.304028E-03	2.723072E-04	0.000000E+00	1.415332E-13	7.444221E-14	3.735395E-03	1.993385E-06	6.342204E-07	9.723466E-06	2.318079E-04	1.078816E-03	6.436891E-08	1.643907E-05	8.980459E-06	4.814028E-03
1.072804E+00	1.429893E+03	0.000000E+00	9.813282E-01	7.934783E-06	3.335450E-13	1.574441E-11	1.067515E-07	8.490830E-03	2.770830E-04	0.000000E+00	1.373492E-13	7.188153E-14	3.838841E-03	2.092003E-06	6.233738E-07	9.573088E-06	2.366656E-04	1.063391E-03	6.292514E-08	1.652158E-05	8.804028E-06	4.719309E-03
1.092751E+00	1.429540E+03	0.000000E+00	9.811945E-01	7.920813E-06	3.300195E-13	1.487478E-11	1.052430E-07	8.622568E-03	2.804402E-04	0.000000E+00	1.344396E-13	7.010944E-14	3.911908E-03	2.163130E-06	6.156222E-07	9.468865E-06	2.400870E-04	1.052273E-03	6.191369E-08	1.657640E-05	8.680003E-06	4.652645E-03
1.109980E+00	1.429239E+03	0.000000E+00	9.810806E-01	7.908951E-06	3.265249E-13	1.505736E-11	1.039654E-07	8.734775E-03	2.832929E-04	0.000000E+00	1.319947E-13	6.862223E-14	3.974214E-03	2.224748E-06	6.089573E-07	9.381227E-06	2.429985E-04	1.042654E-03	6.105655E-08	1.662093E-05	8.574610E-06	4.595946E-03
1.124490E+00	1.428989E+03	0.000000E+00	9.809859E-01	7.899107E-06	3.239851E-13	1.510631E-11	1.029068E-07	8.828159E-03	2.856623E-04	0.000000E+00	1.299645E-13	6.739802E-14	4.026116E-03	2.276760E-06	6.033687E-07	9.309055E-06	2.454200E-04	1.034547E-03	6.034612E-08	1.665650E-05	8.487058E-06	4.548816E-03
1.139001E+00	1.428742E+03	0.000000E+00	9.808922E-01	7.889391E-06	3.214337E-13	1.510405E-11	1.018641E-07	8.920529E-03	2.880020E-04	0.000000E+00	1.279795E-13	6.620003E-14	4.077496E-03	2.328863E-06	5.978050E-07	9.238326E-06	2.478137E-04	1.026440E-03	5.964596E-08	1.669035E-05	8.400592E-06	4.502245E-03
1.155353E+00	1.428467E+03	0.000000E+00	9.807878E-01	7.878590E-06	3.186133E-13	1.497197E-11	1.007072E-07	9.023422E-03	2.906034E-04	0.000000E+00	1.257936E-13	6.488062E-14	4.134776E-03	2.387673E-06	5.915675E-07	9.160288E-06	2.504785E-04	1.017311E-03	5.886901E-08	1.672652E-05	8.304430E-06	4.450426E-03
1.180087E+00	1.428057E+03	0.000000E+00	9.806323E-01	7.862543E-06	3.143885E-13	1.483889E-11	9.899281E-08	9.176669E-03	2.944691E-04	0.000000E+00	1.225830E-13	6.294390E-14	4.220178E-03	2.476778E-06	5.822035E-07	9.045461E-06	2.544446E-04	1.003526E-03	5.771748E-08	1.677741E-05	8.161479E-06	4.373349E-03
1.213391E+00	1.427519E+03	0.000000E+00	9.804275E-01	7.841456E-06	3.089010E-13	1.462259E-11	9.674847E-08	9.378574E-03	2.995463E-04	0.000000E+00	1.184163E-13	6.044198E-14	4.332850E-03	2.596961E-06	5.697403E-07	8.896606E-06	2.596652E-04	9.850386E-04	5.621037E-08	1.683906E-05	7.973598E-06	4.271983E-03
1.268098E+00	1.426663E+03	0.000000E+00	9.801020E-01	7.808018E-06	3.003126E-13	1.429106E-11	9.321174E-08	9.699457E-03	3.075798E-04	0.000000E+00	1.119576E-13	5.657784E-14	4.512253E-03	2.794550E-06	5.496670E-07	8.665291E-06	2.679530E-04	9.549456E-04	5.383766E-08	1.692462E-05	7.675919E-06	4.111280E-03
1.322804E+00	1.425844E+03	0.000000E+00	9.797896E-01	7.775922E-06	2.921872E-13	1.396089E-11	8.984687E-08	1.000745E-02	3.152515E-04	0.000000E+00	1.059259E-13	5.299178E-14	4.684804E-03	2.991904E-06	5.301308E-07	8.448781E-06	2.758994E-04	9.253085E-04	5.158496E-08	1.699255E-05	7.391053E-06	3.957454E-03
1.377511E+00	1.425058E+03	0.000000E+00	9.794897E-01	7.745014E-06	2.844729E-13	1.359659E-11	8.663945E-08	1.030310E-02	3.225818E-04	0.000000E+00	1.002809E-13	4.965723E-14	4.850736E-03	3.188550E-06	5.111633E-07	8.245500E-06	2.835219E-04	8.962276E-04	4.944404E-08	1.704477E-05	7.118196E-06	3.810147E-03
1.432217E+00	1.424304E+03	0.000000E+00	9.792018E-01	7.715152E-06	2.771634E-13	1.308687E-11	8.357702E-08	1.058693E-02	3.295890E-04	0.000000E+00	9.498656E-14	4.655130E-14	5.010287E-03	3.384070E-06	4.927827E-07	8.054115E-06	2.908367E-04	8.677764E-04	4.740750E-08	1.708295E-05	6.856630E-06	3.669027E-03
1.486923E+00	1.423581E+03	0.000000E+00	9.789255E-01	7.686207E-06	2.703642E-13	1.230511E-11	8.064871E-08	1.085946E-02	3.362905E-04	0.000000E+00	9.001083E-14	4.365418E-14	5.163693E-03	3.578095E-06	4.749974E-07	7.873483E-06	2.978587E-04	8.400071E-04	4.546863E-08	1.710853E-05	6.605711E-06	3.533782E-03
1.500000E+00	1.423412E+03	0.000000E+00	9.788610E-01	7.679410E-06	2.689981E-13	1.295482E-11	7.996752E-08	1.092298E-02	3.378489E-04	0.000000E+00	8.887417E-14	4.299096E-14	5.199478E-03	3.624215E-06	4.708343E-07	7.831787E-06	2.994955E-04	8.334745E-04	4.501893E-08	1.711293E-05	6.547243E-06	3.502292E-03
