*
t[ms]       	T[K]        	X-N2        	X-AR        	X-H         	X-O2        	X-O         	X-OH        	X-H2        	X-H2O       	X-HE        	X-HO2       	X-H2O2      	X-CO        	X-CO2       	X-HCO       	X-CH3       	X-CH4       	X-CH2O      	X-CH3O      	X-C2H6      	X-CH2OH     	X-CH3OH     
0.000000E+00	1.368000E+03	0.000000E+00	9.900000E-01	0.000000E+00	0.000000E+00	0.000000E+00	0.000000E+00	0.000000E+00	0.000000E+00	0.000000E+00	0.000000E+00	0.000000E+00	0.000000E+00	0.000000E+00	0.000000E+00	0.000000E+00	0.000000E+00	0.000000E+00	0.000000E+00	0.000000E+00	0.000000E+00	1.000000E-02
7.252545E-06	1.368000E+03	0.000000E+00	9.900000E-01	9.009709E-13	3.360185E-30	9.502783E-21	2.026199E-10	5.156926E-15	1.943677E-12	0.000000E+00	1.535694E-25	2.333966E-22	3.424605E-22	2.646908E-33	5.307981E-23	2.045580E-10	5.495934E-15	5.495983E-14	8.283879E-13	3.658583E-20	1.922150E-12	1.000000E-02
5.330088E-05	1.368000E+03	0.000000E+00	9.900000E-01	1.180031E-11	8.776708E-27	1.688421E-18	1.439658E-09	2.685467E-13	6.373303E-11	0.000000E+00	8.492631E-23	4.237978E-20	1.257992E-19	1.289742E-29	4.768812E-20	1.503206E-09	1.847791E-13	5.813400E-12	2.321846E-11	7.012242E-18	4.140995E-11	9.999998E-03
9.934922E-05	1.368000E+03	0.000000E+00	9.900000E-01	3.776442E-11	1.436269E-25	8.912126E-18	2.598384E-09	1.282299E-12	2.038330E-10	0.000000E+00	6.798519E-22	2.267667E-19	9.357587E-19	2.966489E-28	5.830214E-19	2.801614E-09	6.030421E-13	2.738696E-11	6.583909E-11	3.941443E-17	1.241520E-10	9.999997E-03
1.629387E-04	1.368000E+03	0.000000E+00	9.900000E-01	1.108390E-10	1.424206E-24	3.433109E-17	4.073115E-09	5.422247E-12	5.226877E-10	0.000000E+00	3.659049E-21	8.910592E-19	5.492974E-18	4.187662E-27	4.707305E-18	4.594210E-09	1.591854E-12	9.713859E-11	1.435234E-10	1.658641E-16	3.081625E-10	9.999995E-03
2.440694E-04	1.368000E+03	0.000000E+00	9.900000E-01	2.769922E-10	9.035438E-24	1.011682E-16	5.760965E-09	1.911038E-11	1.123179E-09	0.000000E+00	1.380131E-20	2.690984E-18	2.501206E-17	3.959312E-26	2.539191E-17	6.880594E-09	3.548847E-12	2.674583E-10	2.546002E-10	5.447096E-16	6.524238E-10	9.999992E-03
3.853426E-04	1.368000E+03	0.000000E+00	9.900000E-01	7.590869E-10	7.094398E-23	3.257846E-16	8.250296E-09	8.221780E-11	2.618541E-09	0.000000E+00	5.739540E-20	9.043941E-18	1.532254E-16	5.574205E-25	1.622599E-16	1.086002E-08	8.817601E-12	7.960804E-10	4.434830E-10	2.120432E-15	1.515236E-09	9.999986E-03
5.266159E-04	1.368000E+03	0.000000E+00	9.900000E-01	1.449794E-09	2.709939E-22	6.904337E-16	1.026390E-08	2.200153E-10	4.589612E-09	0.000000E+00	1.429123E-19	1.999351E-17	5.466681E-16	3.310889E-24	5.381447E-16	1.483706E-08	1.644963E-11	1.608006E-09	6.078281E-10	5.397686E-15	2.672042E-09	9.999980E-03
7.067108E-04	1.367999E+03	0.000000E+00	9.900000E-01	2.552099E-09	8.995711E-22	1.328434E-15	1.228282E-08	5.398903E-10	7.650344E-09	0.000000E+00	3.190080E-19	4.059034E-17	1.835394E-15	1.800495E-23	1.561885E-15	1.990353E-08	2.960361E-11	3.009052E-09	7.823315E-10	1.302706E-14	4.511378E-09	9.999972E-03
9.867448E-04	1.367999E+03	0.000000E+00	9.900000E-01	4.578699E-09	3.198901E-21	2.578740E-15	1.451299E-08	1.427704E-09	1.331860E-08	0.000000E+00	7.352811E-19	8.558860E-17	7.206576E-15	1.202611E-22	4.829277E-15	2.777385E-08	5.767626E-11	5.890615E-09	9.912898E-10	3.541498E-14	8.037822E-09	9.999957E-03
1.327896E-03	1.367999E+03	0.000000E+00	9.900000E-01	7.293614E-09	8.973152E-21	4.276398E-15	1.622568E-08	3.238884E-09	2.122813E-08	0.000000E+00	1.442436E-18	1.567127E-16	2.367253E-14	6.094844E-22	1.223433E-14	3.734925E-08	1.043956E-10	1.037672E-08	1.173014E-09	8.620609E-14	1.317732E-08	9.999937E-03
1.669048E-03	1.367999E+03	0.000000E+00	9.899999E-01	1.007728E-08	1.852290E-20	5.934997E-15	1.725574E-08	5.896506E-09	2.982026E-08	0.000000E+00	2.317137E-18	2.393028E-16	5.772958E-14	2.046336E-21	2.391403E-14	4.691082E-08	1.648520E-10	1.577806E-08	1.303335E-09	1.709862E-13	1.899564E-08	9.999916E-03
2.010199E-03	1.367998E+03	0.000000E+00	9.899999E-01	1.282895E-08	3.187604E-20	7.445343E-15	1.787225E-08	9.402094E-09	3.882594E-08	0.000000E+00	3.313890E-18	3.283579E-16	1.171363E-13	5.332703E-21	4.017596E-14	5.645857E-08	2.390296E-10	2.199545E-08	1.400991E-09	2.983943E-13	2.530563E-08	9.999894E-03
2.455470E-03	1.367998E+03	0.000000E+00	9.899999E-01	1.630438E-08	5.463493E-20	9.152821E-15	1.832190E-08	1.522362E-08	5.093521E-08	0.000000E+00	4.747599E-18	4.490788E-16	2.463724E-13	1.450936E-20	6.871033E-14	6.889957E-08	3.564615E-10	3.124049E-08	1.498665E-09	5.430677E-13	3.406244E-08	9.999863E-03
3.004860E-03	1.367998E+03	0.000000E+00	9.899999E-01	2.039404E-08	9.009488E-20	1.089533E-14	1.858899E-08	2.427292E-08	6.616386E-08	0.000000E+00	6.663159E-18	5.992676E-16	5.131319E-13	3.869014E-20	1.161218E-13	8.421740E-08	5.334741E-10	4.431567E-08	1.593030E-09	9.934754E-13	4.541044E-08	9.999823E-03
3.919792E-03	1.367997E+03	0.000000E+00	9.899998E-01	2.682294E-08	1.645990E-19	1.322368E-14	1.874931E-08	4.367141E-08	9.181009E-08	0.000000E+00	1.010500E-17	8.434123E-16	1.322278E-12	1.356283E-19	2.283415E-13	1.096482E-07	9.068403E-10	7.003761E-08	1.720659E-09	2.198880E-12	6.508082E-08	9.999751E-03
4.834724E-03	1.367996E+03	0.000000E+00	9.899998E-01	3.297143E-08	2.561266E-19	1.517295E-14	1.878518E-08	6.821457E-08	1.175819E-07	0.000000E+00	1.378347E-17	1.074823E-15	2.765862E-12	3.569427E-19	3.883570E-13	1.349807E-07	1.378126E-09	1.006250E-07	1.833144E-09	4.113938E-12	8.526524E-08	9.999674E-03
5.749655E-03	1.367995E+03	0.000000E+00	9.899997E-01	3.898664E-08	3.641550E-19	1.702460E-14	1.879094E-08	9.773972E-08	1.433853E-07	0.000000E+00	1.767937E-17	1.293482E-15	5.080800E-12	7.883491E-19	6.041391E-13	1.602154E-07	1.947018E-09	1.360623E-07	1.940652E-09	6.899220E-12	1.057110E-07	9.999591E-03
6.664587E-03	1.367995E+03	0.000000E+00	9.899996E-01	4.494786E-08	4.885996E-19	1.879705E-14	1.879574E-08	1.321747E-07	1.691916E-07	0.000000E+00	2.177626E-17	1.499147E-15	8.540935E-12	1.544435E-18	8.840436E-13	1.853527E-07	2.613209E-09	1.763567E-07	2.046997E-09	1.071340E-11	1.263048E-07	9.999504E-03
7.964359E-03	1.367993E+03	0.000000E+00	9.899995E-01	5.340341E-08	6.941028E-19	2.127838E-14	1.879407E-08	1.894921E-07	2.058652E-07	0.000000E+00	2.792080E-17	1.769240E-15	1.604480E-11	3.476709E-18	1.408762E-12	2.208966E-07	3.726317E-09	2.419872E-07	2.197085E-09	1.820801E-11	1.557392E-07	9.999371E-03
9.201555E-03	1.367992E+03	0.000000E+00	9.899994E-01	6.146451E-08	9.230140E-19	2.365710E-14	1.879974E-08	2.532130E-07	2.407716E-07	0.000000E+00	3.413434E-17	2.005298E-15	2.686390E-11	6.728803E-18	2.067262E-12	2.545486E-07	4.966896E-09	3.136357E-07	2.340686E-09	2.796951E-11	1.839032E-07	9.999235E-03
1.075612E-02	1.367991E+03	0.000000E+00	9.899993E-01	7.163822E-08	1.260191E-18	2.665270E-14	1.880663E-08	3.459886E-07	2.846421E-07	0.000000E+00	4.245196E-17	2.276152E-15	4.714939E-11	1.379992E-17	3.148309E-12	2.965849E-07	6.774934E-09	4.164193E-07	2.521871E-09	4.445536E-11	2.194740E-07	9.999051E-03
1.262805E-02	1.367989E+03	0.000000E+00	9.899991E-01	8.395932E-08	1.741230E-18	3.024478E-14	1.881169E-08	4.765872E-07	3.374889E-07	0.000000E+00	5.319584E-17	2.566518E-15	8.459043E-11	2.904216E-17	4.882216E-12	3.468391E-07	9.318550E-09	5.591400E-07	2.741019E-09	7.151378E-11	2.625671E-07	9.998810E-03
1.523708E-02	1.367986E+03	0.000000E+00	9.899988E-01	1.012575E-07	2.561029E-18	3.528373E-14	1.882273E-08	6.932632E-07	4.111787E-07	0.000000E+00	6.947672E-17	2.913726E-15	1.690960E-10	7.002143E-17	8.225563E-12	4.162249E-07	1.352738E-08	7.928306E-07	3.048943E-09	1.245957E-10	3.230787E-07	9.998439E-03
1.858319E-02	1.367981E+03	0.000000E+00	9.899983E-01	1.236566E-07	3.892429E-18	4.177680E-14	1.884075E-08	1.030729E-06	5.057639E-07	0.000000E+00	9.257643E-17	3.278576E-15	3.551354E-10	1.795974E-16	1.440232E-11	5.041102E-07	2.004720E-08	1.152298E-06	3.447875E-09	2.236564E-10	4.014187E-07	9.997901E-03
2.304408E-02	1.367975E+03	0.000000E+00	9.899976E-01	1.538703E-07	6.215756E-18	5.053476E-14	1.887164E-08	1.585909E-06	6.320334E-07	0.000000E+00	1.272259E-16	3.656698E-15	8.024320E-10	5.057360E-16	2.667959E-11	6.193844E-07	3.067959E-08	1.737026E-06	3.986334E-09	4.205587E-10	5.070733E-07	9.997076E-03
2.861976E-02	1.367966E+03	0.000000E+00	9.899966E-01	1.921608E-07	1.011941E-17	6.158462E-14	1.892267E-08	2.451283E-06	7.902152E-07	0.000000E+00	1.765953E-16	4.001049E-15	1.843508E-09	1.457441E-15	5.009540E-11	7.605069E-07	4.704744E-08	2.639428E-06	4.669361E-09	7.917898E-10	6.409401E-07	9.995869E-03
3.773973E-02	1.367949E+03	0.000000E+00	9.899944E-01	2.559205E-07	1.932985E-17	7.999251E-14	1.903538E-08	4.284597E-06	1.050095E-06	0.000000E+00	2.714167E-16	4.366851E-15	5.407640E-09	5.766761E-15	1.132940E-10	9.845307E-07	8.106943E-08	4.532380E-06	5.808049E-09	1.765320E-09	8.637418E-07	9.993467E-03
5.040398E-02	1.367920E+03	0.000000E+00	9.899906E-01	3.463914E-07	3.925740E-17	1.064126E-13	1.925534E-08	7.709377E-06	1.414220E-06	0.000000E+00	4.309903E-16	4.671256E-15	1.692071E-08	2.503803E-14	2.692398E-10	1.282454E-06	1.429260E-07	8.033394E-06	7.426421E-09	4.047864E-09	1.179587E-06	9.989234E-03
6.306823E-02	1.367884E+03	0.000000E+00	9.899857E-01	4.385438E-07	6.949339E-17	1.340003E-13	1.955160E-08	1.217945E-05	1.783474E-06	0.000000E+00	6.215424E-16	4.888131E-15	4.130081E-08	7.963538E-14	5.298270E-10	1.566334E-06	2.214125E-07	1.256281E-05	9.077648E-09	7.639601E-09	1.500838E-06	9.983938E-03
7.573248E-02	1.367843E+03	0.000000E+00	9.899798E-01	5.317721E-07	1.123369E-16	1.629757E-13	1.992504E-08	1.771507E-05	2.159381E-06	0.000000E+00	8.416204E-16	5.094343E-15	8.594759E-08	2.078957E-13	9.230625E-10	1.837543E-06	3.162499E-07	1.812750E-05	1.075050E-08	1.275680E-08	1.825234E-06	9.977566E-03
8.839674E-02	1.367795E+03	0.000000E+00	9.899728E-01	6.254985E-07	1.701598E-16	1.935361E-13	2.037450E-08	2.433083E-05	2.543473E-06	0.000000E+00	1.090032E-15	5.324676E-15	1.599832E-07	4.728809E-13	1.476177E-09	2.097397E-06	4.272802E-07	2.472525E-05	1.243410E-08	1.958567E-08	2.150612E-06	9.970111E-03
1.010610E-01	1.367741E+03	0.000000E+00	9.899647E-01	7.191812E-07	2.453709E-16	2.258491E-13	2.089696E-08	3.203604E-05	2.937245E-06	0.000000E+00	1.365824E-15	5.593832E-15	2.741761E-07	9.711578E-13	2.214819E-09	2.347109E-06	5.544569E-07	3.234528E-05	1.411813E-08	2.828842E-08	2.474937E-06	9.961574E-03
1.137252E-01	1.367680E+03	0.000000E+00	9.899555E-01	8.123220E-07	3.403792E-16	2.600389E-13	2.148778E-08	4.083504E-05	3.342128E-06	0.000000E+00	1.668239E-15	5.908454E-15	4.408179E-07	1.842796E-12	3.162346E-09	2.587766E-06	6.978352E-07	4.096874E-05	1.579295E-08	3.900823E-08	2.796332E-06	9.951962E-03
1.263895E-01	1.367614E+03	0.000000E+00	9.899452E-01	9.044709E-07	4.575523E-16	2.961799E-13	2.214091E-08	5.072764E-05	3.759456E-06	0.000000E+00	1.996660E-15	6.271423E-15	6.735607E-07	3.282265E-12	4.339272E-09	2.820296E-06	8.575588E-07	5.056947E-05	1.744973E-08	5.187292E-08	3.113097E-06	9.941287E-03
1.390537E-01	1.367542E+03	0.000000E+00	9.899338E-01	9.952301E-07	5.991661E-16	3.342910E-13	2.284929E-08	6.170954E-05	4.190447E-06	0.000000E+00	2.350544E-15	6.683579E-15	9.872225E-07	5.549898E-12	5.762829E-09	3.045460E-06	1.033847E-06	6.111479E-05	1.908055E-08	6.699753E-08	3.423730E-06	9.929568E-03
1.517180E-01	1.367464E+03	0.000000E+00	9.899214E-01	1.084256E-06	7.673514E-16	3.743361E-13	2.360507E-08	7.377279E-05	4.636182E-06	0.000000E+00	2.729347E-15	7.144536E-15	1.397571E-06	8.983510E-12	7.446711E-09	3.263845E-06	1.226980E-06	7.256636E-05	2.067846E-08	8.448584E-08	3.726929E-06	9.916827E-03
1.663656E-01	1.367366E+03	0.000000E+00	9.899056E-01	1.184684E-06	9.975375E-16	4.229450E-13	2.452752E-08	8.905920E-05	5.171330E-06	0.000000E+00	3.197749E-15	7.736773E-15	2.014442E-06	1.497390E-11	9.731956E-09	3.508509E-06	1.471799E-06	8.688489E-05	2.247779E-08	1.077827E-07	4.066916E-06	9.900852E-03
1.810133E-01	1.367262E+03	0.000000E+00	9.898885E-01	1.282048E-06	1.268401E-15	4.738023E-13	2.548942E-08	1.057555E-04	5.728630E-06	0.000000E+00	3.697517E-15	8.389149E-15	2.809041E-06	2.392571E-11	1.238817E-08	3.745017E-06	1.740143E-06	1.022850E-04	2.421757E-08	1.344918E-07	4.394144E-06	9.883594E-03
1.956609E-01	1.367150E+03	0.000000E+00	9.898699E-01	1.376075E-06	1.581944E-15	5.266199E-13	2.647809E-08	1.238360E-04	6.308992E-06	0.000000E+00	4.227204E-15	9.097106E-15	3.808088E-06	3.686350E-11	1.541854E-08	3.973480E-06	2.032591E-06	1.186887E-04	2.589193E-08	1.647184E-07	4.707595E-06	9.865105E-03
2.143902E-01	1.366998E+03	0.000000E+00	9.898443E-01	1.491147E-06	2.047139E-15	5.964631E-13	2.776229E-08	1.489250E-04	7.085660E-06	0.000000E+00	4.945193E-15	1.007434E-14	5.425825E-06	6.120809E-11	1.983378E-08	4.253691E-06	2.442553E-06	1.409955E-04	2.793085E-08	2.086202E-07	5.087234E-06	9.839757E-03
2.372011E-01	1.366800E+03	0.000000E+00	9.898101E-01	1.623195E-06	2.712513E-15	6.839458E-13	2.932657E-08	1.823784E-04	8.084912E-06	0.000000E+00	5.875062E-15	1.135519E-14	7.985559E-06	1.069935E-10	2.600526E-08	4.576028E-06	2.997940E-06	1.699476E-04	3.025238E-08	2.701892E-07	5.516529E-06	9.806461E-03
2.600121E-01	1.366588E+03	0.000000E+00	9.897728E-01	1.746252E-06	3.484684E-15	7.726724E-13	3.085901E-08	2.188932E-04	9.142804E-06	0.000000E+00	6.856422E-15	1.271013E-14	1.128088E-05	1.770351E-10	3.299769E-08	4.876007E-06	3.616459E-06	2.005634E-04	3.239285E-08	3.406876E-07	5.909285E-06	9.770712E-03
2.828230E-01	1.366365E+03	0.000000E+00	9.897326E-01	1.860455E-06	4.357995E-15	8.611896E-13	3.233263E-08	2.583373E-04	1.025837E-05	0.000000E+00	7.878053E-15	1.411126E-14	1.539852E-05	2.795815E-10	4.073970E-08	5.151805E-06	4.299225E-06	2.325372E-04	3.435360E-08	4.199759E-07	6.266219E-06	9.732731E-03
3.056339E-01	1.366131E+03	0.000000E+00	9.896896E-01	1.966109E-06	5.323218E-15	9.481670E-13	3.372749E-08	3.005766E-04	1.142977E-05	0.000000E+00	8.927978E-15	1.553150E-14	2.041618E-05	4.241788E-10	4.914776E-08	5.401761E-06	5.046703E-06	2.655783E-04	3.613966E-08	5.077280E-07	6.588722E-06	9.692732E-03
3.284449E-01	1.365887E+03	0.000000E+00	9.896440E-01	2.063617E-06	6.368290E-15	1.032455E-12	3.502977E-08	3.454774E-04	1.265450E-05	0.000000E+00	9.994026E-15	1.694587E-14	2.640151E-05	6.215572E-10	5.813128E-08	5.624622E-06	5.858648E-06	2.994158E-04	3.775838E-08	6.034413E-07	6.878596E-06	9.650921E-03
3.512558E-01	1.365635E+03	0.000000E+00	9.895958E-01	2.153429E-06	7.479104E-15	1.113100E-12	3.623067E-08	3.929077E-04	1.392959E-05	0.000000E+00	1.106430E-14	1.833225E-14	3.341151E-05	8.834762E-10	6.759661E-08	5.819689E-06	6.734103E-06	3.338011E-04	3.921843E-08	7.064585E-07	7.137851E-06	9.607492E-03
3.740667E-01	1.365376E+03	0.000000E+00	9.895451E-01	2.236008E-06	8.640340E-15	1.189351E-12	3.732531E-08	4.427376E-04	1.525175E-05	0.000000E+00	1.212751E-14	1.967175E-14	4.149250E-05	1.222541E-09	7.745009E-08	5.986868E-06	7.671433E-06	3.685084E-04	4.052905E-08	8.159987E-07	7.368567E-06	9.562627E-03
3.968777E-01	1.365110E+03	0.000000E+00	9.894923E-01	2.311808E-06	9.836219E-15	1.260640E-12	3.831184E-08	4.948394E-04	1.661746E-05	0.000000E+00	1.317323E-14	2.094872E-14	5.068021E-05	1.652001E-09	8.760033E-08	6.126643E-06	8.668396E-06	4.033351E-04	4.169956E-08	9.311928E-07	7.572800E-06	9.516495E-03
4.196886E-01	1.364839E+03	0.000000E+00	9.894372E-01	2.381265E-06	1.105116E-14	1.326570E-12	3.919066E-08	5.490881E-04	1.802310E-05	0.000000E+00	1.419202E-14	2.215069E-14	6.100021E-05	2.185536E-09	9.795988E-08	6.240009E-06	9.722228E-06	4.381009E-04	4.273909E-08	1.051121E-06	7.752532E-06	9.469254E-03
4.424995E-01	1.364563E+03	0.000000E+00	9.893801E-01	2.444789E-06	1.227031E-14	1.386892E-12	3.996385E-08	6.053608E-04	1.946501E-05	0.000000E+00	1.517555E-14	2.326806E-14	7.246848E-05	2.837051E-09	1.084464E-07	6.328371E-06	1.082975E-05	4.726472E-04	4.365645E-08	1.174847E-06	7.909646E-06	9.421051E-03
4.653105E-01	1.364283E+03	0.000000E+00	9.893211E-01	2.502766E-06	1.347994E-14	1.441476E-12	4.063477E-08	6.635372E-04	2.093954E-05	0.000000E+00	1.611657E-14	2.429390E-14	8.509208E-05	3.620464E-09	1.189838E-07	6.393436E-06	1.198746E-05	5.068352E-04	4.446007E-08	1.301451E-06	8.045917E-06	9.372019E-03
4.881214E-01	1.364000E+03	0.000000E+00	9.892604E-01	2.555558E-06	1.466871E-14	1.490313E-12	4.120770E-08	7.234992E-04	2.244310E-05	0.000000E+00	1.700867E-14	2.522270E-14	9.886987E-05	4.549491E-09	1.295022E-07	6.437114E-06	1.319165E-05	5.405449E-04	4.515799E-08	1.430051E-06	8.163012E-06	9.322283E-03
5.109323E-01	1.363714E+03	0.000000E+00	9.891979E-01	2.603510E-06	1.582386E-14	1.533514E-12	4.168740E-08	7.851313E-04	2.397220E-05	0.000000E+00	1.784774E-14	2.605481E-14	1.137934E-04	5.637579E-09	1.399391E-07	6.461412E-06	1.443847E-05	5.736736E-04	4.575787E-08	1.559823E-06	8.262496E-06	9.271958E-03
5.337433E-01	1.363426E+03	0.000000E+00	9.891339E-01	2.646944E-06	1.694019E-14	1.571044E-12	4.208013E-08	8.483210E-04	2.552346E-05	0.000000E+00	1.862831E-14	2.678347E-14	1.298476E-04	6.897474E-09	1.502389E-07	6.468374E-06	1.572403E-05	6.061344E-04	4.626707E-08	1.690016E-06	8.345838E-06	9.221148E-03
5.565542E-01	1.363136E+03	0.000000E+00	9.890684E-01	2.686174E-06	1.800603E-14	1.604129E-12	4.238743E-08	9.129584E-04	2.709365E-05	0.000000E+00	1.935016E-14	2.741953E-14	1.470117E-04	8.341583E-09	1.603528E-07	6.460000E-06	1.704446E-05	6.378552E-04	4.669226E-08	1.819959E-06	8.414419E-06	9.169949E-03
5.793651E-01	1.362845E+03	0.000000E+00	9.890017E-01	2.721490E-06	1.900862E-14	1.631679E-12	4.262061E-08	9.789369E-04	2.867970E-05	0.000000E+00	2.001251E-14	2.796770E-14	1.652601E-04	9.981863E-09	1.702402E-07	6.438208E-06	1.839598E-05	6.687766E-04	4.704051E-08	1.949059E-06	8.469537E-06	9.118450E-03
6.021761E-01	1.362553E+03	0.000000E+00	9.889336E-01	2.753172E-06	1.995912E-14	1.654053E-12	4.278575E-08	1.046154E-03	3.027874E-05	0.000000E+00	2.060840E-14	2.840701E-14	1.845632E-04	1.182821E-08	1.798663E-07	6.404832E-06	1.977491E-05	6.988513E-04	4.731814E-08	2.076806E-06	8.512397E-06	9.066729E-03
6.219401E-01	1.362300E+03	0.000000E+00	9.888738E-01	2.777899E-06	2.072936E-14	1.670912E-12	4.287179E-08	1.105316E-03	3.167259E-05	0.000000E+00	2.107576E-14	2.872897E-14	2.021152E-04	1.360269E-08	1.879724E-07	6.367837E-06	2.098911E-05	7.241956E-04	4.750574E-08	2.186063E-06	8.540508E-06	9.021794E-03
6.386571E-01	1.362085E+03	0.000000E+00	9.888225E-01	2.796964E-06	2.134318E-14	1.682166E-12	4.291282E-08	1.155979E-03	3.285635E-05	0.000000E+00	2.143445E-14	2.894720E-14	2.175427E-04	1.523472E-08	1.946481E-07	6.331488E-06	2.202850E-05	7.451012E-04	4.762944E-08	2.277255E-06	8.558284E-06	8.983732E-03
6.553742E-01	1.361871E+03	0.000000E+00	9.887707E-01	2.814439E-06	2.192325E-14	1.691431E-12	4.292316E-08	1.207172E-03	3.404351E-05	0.000000E+00	2.175999E-14	2.912323E-14	2.334878E-04	1.699032E-08	2.011499E-07	6.291104E-06	2.307792E-05	7.655110E-04	4.772307E-08	2.367199E-06	8.570984E-06	8.945644E-03
6.720912E-01	1.361656E+03	0.000000E+00	9.887184E-01	2.830418E-06	2.246718E-14	1.698892E-12	4.290596E-08	1.258861E-03	3.523318E-05	0.000000E+00	2.205390E-14	2.926072E-14	2.499351E-04	1.887265E-08	2.074720E-07	6.247205E-06	2.413617E-05	7.854187E-04	4.778877E-08	2.455793E-06	8.578982E-06	8.907553E-03
6.888082E-01	1.361442E+03	0.000000E+00	9.886657E-01	2.844990E-06	2.297667E-14	1.704503E-12	4.286339E-08	1.311011E-03	3.642454E-05	0.000000E+00	2.231628E-14	2.935891E-14	2.668692E-04	2.088430E-08	2.136100E-07	6.200274E-06	2.520212E-05	8.048205E-04	4.782847E-08	2.542951E-06	8.582632E-06	8.869479E-03
7.055253E-01	1.361228E+03	0.000000E+00	9.886125E-01	2.858240E-06	2.345131E-14	1.708460E-12	4.279734E-08	1.363590E-03	3.761682E-05	0.000000E+00	2.254853E-14	2.942269E-14	2.842742E-04	2.302783E-08	2.195606E-07	6.150749E-06	2.627468E-05	8.237141E-04	4.784403E-08	2.628605E-06	8.582271E-06	8.831442E-03
7.222423E-01	1.361014E+03	0.000000E+00	9.885590E-01	2.870250E-06	2.389188E-14	1.710898E-12	4.270980E-08	1.416565E-03	3.880927E-05	0.000000E+00	2.275152E-14	2.945270E-14	3.021342E-04	2.530540E-08	2.253214E-07	6.099035E-06	2.735286E-05	8.420989E-04	4.783721E-08	2.712697E-06	8.578214E-06	8.793457E-03
7.479782E-01	1.360686E+03	0.000000E+00	9.884758E-01	2.886494E-06	2.450542E-14	1.711901E-12	4.253718E-08	1.498828E-03	4.064388E-05	0.000000E+00	2.300944E-14	2.943956E-14	3.304821E-04	2.907824E-08	2.338171E-07	6.015973E-06	2.902151E-05	8.694102E-04	4.778681E-08	2.839010E-06	8.565422E-06	8.735120E-03
7.737141E-01	1.360360E+03	0.000000E+00	9.883919E-01	2.900252E-06	2.504294E-14	1.709981E-12	4.232416E-08	1.581856E-03	4.247511E-05	0.000000E+00	2.320537E-14	2.936182E-14	3.598116E-04	3.317947E-08	2.418605E-07	5.929756E-06	3.069802E-05	8.955273E-04	4.769298E-08	2.961419E-06	8.545570E-06	8.676999E-03
7.994500E-01	1.360035E+03	0.000000E+00	9.883074E-01	2.911770E-06	2.550830E-14	1.705513E-12	4.207647E-08	1.665551E-03	4.430095E-05	0.000000E+00	2.334384E-14	2.922716E-14	3.900649E-04	3.761391E-08	2.494553E-07	5.841389E-06	3.237951E-05	9.204653E-04	4.756093E-08	3.079872E-06	8.519561E-06	8.619138E-03
8.251859E-01	1.359711E+03	0.000000E+00	9.882222E-01	2.921277E-06	2.590584E-14	1.698844E-12	4.179931E-08	1.749821E-03	4.611968E-05	0.000000E+00	2.342952E-14	2.904291E-14	4.211849E-04	4.238518E-08	2.566088E-07	5.751721E-06	3.406342E-05	9.442443E-04	4.739536E-08	3.194358E-06	8.488212E-06	8.561575E-03
8.509218E-01	1.359390E+03	0.000000E+00	9.881366E-01	2.928982E-06	2.623988E-14	1.690301E-12	4.149736E-08	1.834581E-03	4.792974E-05	0.000000E+00	2.346717E-14	2.881611E-14	4.531159E-04	4.749582E-08	2.633310E-07	5.661462E-06	3.574746E-05	9.668884E-04	4.720053E-08	3.304907E-06	8.452252E-06	8.504345E-03
8.766577E-01	1.359070E+03	0.000000E+00	9.880506E-01	2.935074E-06	2.651501E-14	1.680177E-12	4.117482E-08	1.919752E-03	4.972981E-05	0.000000E+00	2.346140E-14	2.855308E-14	4.858037E-04	5.294738E-08	2.696339E-07	5.571203E-06	3.742959E-05	9.884250E-04	4.698030E-08	3.411572E-06	8.412335E-06	8.447475E-03
9.023936E-01	1.358753E+03	0.000000E+00	9.879643E-01	2.939727E-06	2.673573E-14	1.668731E-12	4.083542E-08	2.005261E-03	5.151875E-05	0.000000E+00	2.341668E-14	2.825963E-14	5.191961E-04	5.874049E-08	2.755312E-07	5.481430E-06	3.910803E-05	1.008884E-03	4.673813E-08	3.514430E-06	8.369043E-06	8.390990E-03
9.354684E-01	1.358348E+03	0.000000E+00	9.878530E-01	2.943847E-06	2.694670E-14	1.652446E-12	4.037976E-08	2.115541E-03	5.379990E-05	0.000000E+00	2.330882E-14	2.784612E-14	5.630649E-04	6.668679E-08	2.825383E-07	5.367396E-06	4.125720E-05	1.033644E-03	4.639961E-08	3.641183E-06	8.309275E-06	8.318993E-03
9.758822E-01	1.357859E+03	0.000000E+00	9.877166E-01	2.946439E-06	2.710588E-14	1.630714E-12	3.980133E-08	2.250709E-03	5.655755E-05	0.000000E+00	2.311145E-14	2.729832E-14	6.179871E-04	7.715841E-08	2.902721E-07	5.230966E-06	4.386741E-05	1.061653E-03	4.595205E-08	3.788072E-06	8.231214E-06	8.231976E-03
1.016296E+00	1.357376E+03	0.000000E+00	9.875800E-01	2.946784E-06	2.717127E-14	1.607562E-12	3.920760E-08	2.386135E-03	5.928031E-05	0.000000E+00	2.285493E-14	2.671766E-14	6.741979E-04	8.846135E-08	2.971537E-07	5.098516E-06	4.645626E-05	1.087316E-03	4.547551E-08	3.926605E-06	8.148982E-06	8.146053E-03
1.056710E+00	1.356899E+03	0.000000E+00	9.874433E-01	2.945282E-06	2.715721E-14	1.583512E-12	3.860591E-08	2.521633E-03	6.196638E-05	0.000000E+00	2.255147E-14	2.611628E-14	7.315370E-04	1.005853E-07	3.032451E-07	4.970602E-06	4.902045E-05	1.110764E-03	4.497737E-08	4.057259E-06	8.063774E-06	8.061255E-03
1.097123E+00	1.356428E+03	0.000000E+00	9.873068E-01	2.942269E-06	2.707657E-14	1.558969E-12	3.800206E-08	2.657039E-03	6.461448E-05	0.000000E+00	2.221163E-14	2.550396E-14	7.898563E-04	1.135174E-07	3.086070E-07	4.847552E-06	5.155741E-05	1.132126E-03	4.446373E-08	4.180518E-06	7.976560E-06	7.977604E-03
1.137537E+00	1.355963E+03	0.000000E+00	9.871705E-01	2.938027E-06	2.694075E-14	1.534259E-12	3.740059E-08	2.792211E-03	6.722381E-05	0.000000E+00	2.184443E-14	2.488839E-14	8.490206E-04	1.272427E-07	3.132979E-07	4.729525E-06	5.406522E-05	1.151530E-03	4.393957E-08	4.296854E-06	7.888124E-06	7.895108E-03
1.177951E+00	1.355505E+03	0.000000E+00	9.870346E-01	2.932794E-06	2.675970E-14	1.509630E-12	3.680500E-08	2.927025E-03	6.979391E-05	0.000000E+00	2.145745E-14	2.427556E-14	9.089058E-04	1.417450E-07	3.173728E-07	4.616556E-06	5.654245E-05	1.169096E-03	4.340896E-08	4.406726E-06	7.799094E-06	7.813770E-03
1.218365E+00	1.355052E+03	0.000000E+00	9.868992E-01	2.926768E-06	2.654207E-14	1.485261E-12	3.621792E-08	3.061371E-03	7.232460E-05	0.000000E+00	2.105704E-14	2.367004E-14	9.693991E-04	1.570064E-07	3.208834E-07	4.508589E-06	5.898810E-05	1.184942E-03	4.287517E-08	4.510567E-06	7.709968E-06	7.733589E-03
1.258779E+00	1.354606E+03	0.000000E+00	9.867644E-01	2.920113E-06	2.629528E-14	1.461315E-12	3.564131E-08	3.195156E-03	7.481596E-05	0.000000E+00	2.064840E-14	2.307525E-14	1.030397E-03	1.730086E-07	3.238777E-07	4.405506E-06	6.140153E-05	1.199180E-03	4.234085E-08	4.608789E-06	7.621141E-06	7.654554E-03
1.299192E+00	1.354166E+03	0.000000E+00	9.866302E-01	2.912967E-06	2.602566E-14	1.437865E-12	3.507656E-08	3.328299E-03	7.726822E-05	0.000000E+00	2.023580E-14	2.249368E-14	1.091807E-03	1.897324E-07	3.264001E-07	4.307144E-06	6.378234E-05	1.211915E-03	4.180812E-08	4.701774E-06	7.532923E-06	7.576656E-03
1.339606E+00	1.353732E+03	0.000000E+00	9.864968E-01	2.905443E-06	2.573859E-14	1.415001E-12	3.452463E-08	3.460728E-03	7.968178E-05	0.000000E+00	1.982267E-14	2.192708E-14	1.153543E-03	2.071581E-07	3.284919E-07	4.213313E-06	6.613039E-05	1.223247E-03	4.127863E-08	4.789881E-06	7.445549E-06	7.499879E-03
1.380020E+00	1.353304E+03	0.000000E+00	9.863642E-01	2.897634E-06	2.543857E-14	1.392814E-12	3.398616E-08	3.592384E-03	8.205712E-05	0.000000E+00	1.941176E-14	2.137655E-14	1.215529E-03	2.252659E-07	3.301897E-07	4.123807E-06	6.844568E-05	1.233269E-03	4.075373E-08	4.873442E-06	7.359204E-06	7.424206E-03
1.420434E+00	1.352882E+03	0.000000E+00	9.862325E-01	2.889622E-06	2.512941E-14	1.371153E-12	3.346145E-08	3.723213E-03	8.439483E-05	0.000000E+00	1.900521E-14	2.084289E-14	1.277693E-03	2.440359E-07	3.315298E-07	4.038412E-06	7.072839E-05	1.242069E-03	4.023440E-08	4.952762E-06	7.274018E-06	7.349620E-03
1.454904E+00	1.352526E+03	0.000000E+00	9.861208E-01	2.882670E-06	2.486086E-14	1.353350E-12	3.302493E-08	3.834115E-03	8.635949E-05	0.000000E+00	1.866320E-14	2.040130E-14	1.330809E-03	2.605537E-07	3.324116E-07	3.968661E-06	7.264984E-05	1.248671E-03	3.979648E-08	5.017280E-06	7.202357E-06	7.286848E-03
1.483431E+00	1.352235E+03	0.000000E+00	9.860289E-01	2.876865E-06	2.463649E-14	1.338931E-12	3.267130E-08	3.925397E-03	8.796534E-05	0.000000E+00	1.838407E-14	2.004533E-14	1.374804E-03	2.745679E-07	3.329746E-07	3.912984E-06	7.422237E-05	1.253543E-03	3.943786E-08	5.068614E-06	7.143775E-06	7.235477E-03
1.500000E+00	1.352067E+03	0.000000E+00	9.859757E-01	2.873477E-06	2.450564E-14	1.330715E-12	3.246907E-08	3.978205E-03	8.888983E-05	0.000000E+00	1.822373E-14	1.984249E-14	1.400365E-03	2.828479E-07	3.332361E-07	3.881465E-06	7.512846E-05	1.256138E-03	3.923120E-08	5.097611E-06	7.110059E-06	7.205877E-03
