R1_A=	-1.2737824981347114
R1_n=	-0.3285866632915449
R1_Ea=	9.793695711037909
R3a_A=	-2.181912160940511
R3a_n=	-0.5349604674307116
R3a_Ea=	10.371801464520098
R3b_A=	-5.566254177306887
R3b_n=	1.0291424151533564
R3b_Ea=	-68.9265456367687
R4_A=	-3.088997181702238
R4_n=	2.3347870764305285
R4_Ea=	10.426528336437817
R5_A=	4.443704628441523
R5_n=	4.139891440838839
R5_Ea=	26.246415990293208
R6:High_A=	-0.3982507359523763
R6:High_n=	-1.653440418096922
R6:High_Ea=	-76.03819726793185
R2:Low_A=	-2.8598831044775883
R2:Low_n=	-9.330996801719767
R2:Low_Ea=	-14.379324484531057
R2:High_A=	-7.454435245718474
R2:High_n=	1.8904454660089907
R2:High_Ea=	14.13967948308456
R7:B1_A=	-0.4442178770109013
R7:B1_n=	-0.3321414854950562
R7:B1_Ea=	9.424640900480606
R7:B2_A=	2.704760153069987
R7:B2_n=	0.5609096272661179
R7:B2_Ea=	-15.144477161047181
R8a_A=	-6.1708928114449915
R8a_n=	-4.786104380705971
R8a_Ea=	-87.61571222140338
R8b_A=	0.5203176501289991
R8b_n=	-0.12102698977167378
R8b_Ea=	10.331077680419764
R9a_A=	4.590326681848323
R9a_n=	2.1404029312894686
R9a_Ea=	9.81879233064367
R9b_A=	-0.9446793046309327
R9b_n=	1.0939530897309382
R9b_Ea=	9.580695941343498
R10:B1_A=	-7.223174662473328
R10:B1_n=	0.6205486764661164
R10:B1_Ea=	7.027937159025501
R10:B2_A=	11.198030228128552
R10:B2_n=	-2.752811805788692
R10:B2_Ea=	-102.95036405365208
R12:High_A=	-8.530852026714106
R12:High_n=	1.7426520719724714
R12:High_Ea=	76.58199471408149
R12:Low_A=	-8.530849142076358
R12:Low_n=	1.7426657722904064
R12:Low_Ea=	76.58214084776115
R13a_A=	-0.8043063729281802
R13a_n=	1.6312774856740517
R13a_Ea=	9.766570041284586
R13b_A=	1.4923513675955764
R13b_n=	0.749096948760706
R13b_Ea=	9.838568985805798
R14_A=	13.683102446026405
R14_n=	-1.4238221136344442
R14_Ea=	328.70983567552867
R15:High_A=	1.7481453014841424
R15:High_n=	1.221539523184556
R15:High_Ea=	10.035564587461188
R16_A=	0.15601121368999832
R16_n=	1.2981972481396673
R16_Ea=	-0.49274429372731043
R17_A=	6.643373301988756
R17_n=	7.761835450549391
R17_Ea=	-180.88129596055467
R11a_A=	3.293274718374593
R11a_n=	1.5240484677217963
R11a_Ea=	9.646026076994715
R11b_A=	5.254337558456265
R11b_n=	2.695431860435307
R11b_Ea=	9.86680746393925
