<experiment>
    <fileAuthor>Chemical Kinetics Laboratory, Institute of Chemistry, ELTE, Budapest, Hungary</fileAuthor>
    <fileDOI>10.24388/x20000051_x</fileDOI>
    <fileVersion>
        <major>2</major>
        <minor>0</minor>
    </fileVersion>
    <ReSpecThVersion>
        <major>2</major>
        <minor>3</minor>
    </ReSpecThVersion>
    <firstPublicationDate>2013-11-25</firstPublicationDate>
    <lastModificationDate>2020-11-18</lastModificationDate>
    <bibliographyLink>
        <description>Hu, E, Huang, Z, He, J., Jin, C., Zheng, J., International Journal of Hydrogen Energy, (34), 4876-4888, 2009.</description>
        <referenceDOI>10.1016/j.ijhydene.2009.03.058</referenceDOI>
        <location>Main Article</location>
        <figure>Fig. 10.b., open diamond</figure>
        <details>
            <author>Hu, Erjiang and Huang, Zuohua and He, Jiajia and Jin, Chun and Zheng, Jianjun</author>
            <journal>Int J Hydrogen Energy</journal>
            <number>11</number>
            <pages>4876--4888</pages>
            <title>Experimental and numerical study on laminar burning characteristics of premixed methane--hydrogen--air flames</title>
            <volume>34</volume>
            <year>2009</year>
        </details>
    </bibliographyLink>
    <experimentType>laminar burning velocity measurement</experimentType>
    <apparatus>
        <kind>flame</kind>
        <mode>premixed</mode>
        <mode>laminar</mode>
    </apparatus>
    <commonProperties>
        <property name="temperature"                   label="T"  sourcetype="reported"   units="K"    ><value>303</value></property>
        <property name="pressure"                      label="P"  sourcetype="reported"   units="MPa"  ><value>0.1</value></property>
        <property name="evaluated standard deviation"  sourcetype="estimated"  units="cm/s"  reference="laminar burning velocity"  kind="absolute"  method="statistical scatter" ><value>2.65</value></property>
    </commonProperties>
    <dataGroup id="dg1">
        <property name="laminar burning velocity"  id="x1"   label="Sl"    sourcetype="digitized"   units="cm/s"          />
        <property name="composition"               id="x2"   label="[H2]"  sourcetype="calculated"  units="mole fraction" >
            <speciesLink preferredKey="H2"  CAS="1333-74-0"  InChI="1S/H2/h1H"   SMILES="[HH]"  chemName="hydrogen" />
        </property>
        <property name="composition"               id="x3"   label="[O2]"  sourcetype="calculated"  units="mole fraction" >
            <speciesLink preferredKey="O2"  CAS="7782-44-7"  InChI="1S/O2/c1-2"  SMILES="O=O"   chemName="oxygen"   />
        </property>
        <property name="composition"               id="x4"   label="[N2]"  sourcetype="calculated"  units="mole fraction" >
            <speciesLink preferredKey="N2"  CAS="7727-37-9"  InChI="1S/N2/c1-2"  SMILES="N#N"   chemName="nitrogen" />
        </property>

        <dataPoint><x1>8.243200e+001</x1><x2>2.013423e-001</x2><x3>1.677852e-001</x3><x4>6.308725e-001</x4></dataPoint>
        <dataPoint><x1>1.194950e+002</x1><x2>2.272727e-001</x2><x3>1.623377e-001</x3><x4>6.103896e-001</x4></dataPoint>
        <dataPoint><x1>1.540570e+002</x1><x2>2.515723e-001</x2><x3>1.572327e-001</x3><x4>5.911950e-001</x4></dataPoint>
        <dataPoint><x1>1.794210e+002</x1><x2>2.743902e-001</x2><x3>1.524390e-001</x3><x4>5.731707e-001</x4></dataPoint>
        <dataPoint><x1>2.042490e+002</x1><x2>2.958580e-001</x2><x3>1.479290e-001</x3><x4>5.562130e-001</x4></dataPoint>
        <dataPoint><x1>2.296120e+002</x1><x2>3.160920e-001</x2><x3>1.436782e-001</x3><x4>5.402299e-001</x4></dataPoint>
        <dataPoint><x1>2.506000e+002</x1><x2>3.351955e-001</x2><x3>1.396648e-001</x3><x4>5.251397e-001</x4></dataPoint>
        <dataPoint><x1>2.652460e+002</x1><x2>3.532609e-001</x2><x3>1.358696e-001</x3><x4>5.108696e-001</x4></dataPoint>
        <dataPoint><x1>2.783750e+002</x1><x2>3.703704e-001</x2><x3>1.322751e-001</x3><x4>4.973545e-001</x4></dataPoint>
        <dataPoint><x1>2.930210e+002</x1><x2>4.020101e-001</x2><x3>1.256281e-001</x3><x4>4.723618e-001</x4></dataPoint>
        <dataPoint><x1>2.968610e+002</x1><x2>4.306220e-001</x2><x3>1.196172e-001</x3><x4>4.497608e-001</x4></dataPoint>
        <dataPoint><x1>2.876630e+002</x1><x2>4.803493e-001</x2><x3>1.091703e-001</x3><x4>4.104803e-001</x4></dataPoint>
        <dataPoint><x1>2.656930e+002</x1><x2>5.220884e-001</x2><x3>1.004016e-001</x3><x4>3.775100e-001</x4></dataPoint>
        <dataPoint><x1>2.481880e+002</x1><x2>5.576208e-001</x2><x3>9.293680e-002</x3><x4>3.494424e-001</x4></dataPoint>
        <dataPoint><x1>2.101430e+002</x1><x2>5.952381e-001</x2><x3>8.503401e-002</x3><x4>3.197279e-001</x4></dataPoint>
        <dataPoint><x1>1.750450e+002</x1><x2>6.269592e-001</x2><x3>7.836991e-002</x3><x4>2.946708e-001</x4></dataPoint>
        <dataPoint><x1>1.584330e+002</x1><x2>6.540698e-001</x2><x3>7.267442e-002</x3><x4>2.732558e-001</x4></dataPoint>
    </dataGroup>
</experiment>
