*
t[ms]       	T[K]        	X-N2        	X-AR        	X-H         	X-O2        	X-O         	X-OH        	X-H2        	X-H2O       	X-HE        	X-HO2       	X-H2O2      	X-CO        	X-CO2       	X-HCO       	X-CH3       	X-CH4       	X-CH2O      	X-CH3O      	X-C2H6      	X-CH2OH     	X-CH3OH     
0.000000E+00	1.610000E+03	0.000000E+00	9.900000E-01	0.000000E+00	0.000000E+00	0.000000E+00	0.000000E+00	0.000000E+00	0.000000E+00	0.000000E+00	0.000000E+00	0.000000E+00	0.000000E+00	0.000000E+00	0.000000E+00	0.000000E+00	0.000000E+00	0.000000E+00	0.000000E+00	0.000000E+00	0.000000E+00	1.000000E-02
2.235334E-05	1.609999E+03	0.000000E+00	9.900000E-01	3.132563E-10	1.820877E-23	4.634977E-16	4.079884E-08	3.269906E-12	7.374416E-10	0.000000E+00	4.119038E-20	6.533931E-18	1.359770E-17	1.535717E-26	4.717879E-18	4.153246E-08	3.819225E-12	4.341703E-11	3.153810E-10	8.040140E-16	6.588414E-10	9.999957E-03
1.142296E-04	1.609994E+03	0.000000E+00	9.899998E-01	4.995443E-09	4.462337E-20	5.030050E-14	1.940270E-07	1.880512E-10	1.822105E-08	0.000000E+00	1.371017E-17	7.289915E-16	6.615386E-15	1.592956E-22	5.580145E-15	2.121490E-07	9.891365E-11	3.787819E-09	5.258601E-09	1.012148E-13	1.085718E-08	9.999766E-03
3.121688E-04	1.609984E+03	0.000000E+00	9.899994E-01	4.489857E-08	4.860691E-18	7.604474E-13	4.568082E-07	4.344651E-09	1.231673E-07	0.000000E+00	3.623095E-16	1.147177E-14	4.085471E-13	6.148951E-20	3.567111E-13	5.792339E-07	7.382171E-10	4.542804E-08	1.916903E-08	2.057954E-12	6.746478E-08	9.999282E-03
6.925070E-04	1.609965E+03	0.000000E+00	9.899985E-01	2.165890E-07	1.404227E-16	4.941056E-12	7.785598E-07	4.986595E-08	5.077807E-07	0.000000E+00	3.296873E-15	7.842332E-14	1.222044E-11	7.180010E-18	6.484191E-12	1.282669E-06	3.631871E-09	2.579846E-07	3.906167E-08	2.238759E-11	2.726293E-07	9.998128E-03
1.327789E-03	1.609933E+03	0.000000E+00	9.899966E-01	6.506931E-07	1.460278E-15	1.643876E-11	1.023866E-06	3.132450E-07	1.441804E-06	0.000000E+00	1.480817E-14	2.733559E-13	1.831518E-10	2.915191E-16	5.345427E-11	2.452013E-06	1.336002E-08	9.476771E-07	5.816228E-08	1.568969E-10	7.779215E-07	9.995716E-03
2.370726E-03	1.609877E+03	0.000000E+00	9.899928E-01	1.497208E-06	8.047861E-15	3.555765E-11	1.137079E-06	1.402908E-06	3.264507E-06	0.000000E+00	4.473413E-14	5.846223E-13	1.869642E-09	6.348218E-15	3.075939E-10	4.357153E-06	4.270075E-08	2.870751E-06	7.524818E-08	8.847212E-10	1.785045E-06	9.990792E-03
3.817852E-03	1.609792E+03	0.000000E+00	9.899859E-01	2.724109E-06	2.617614E-14	5.797533E-11	1.162863E-06	4.393012E-06	5.929282E-06	0.000000E+00	9.768093E-14	8.299853E-13	1.213592E-08	7.089609E-14	1.246362E-09	6.973559E-06	1.113479E-07	7.065009E-06	9.232699E-08	3.649110E-09	3.276075E-06	9.982319E-03
5.615815E-03	1.609673E+03	0.000000E+00	9.899750E-01	4.252636E-06	6.287364E-14	8.397246E-11	1.171951E-06	1.054939E-05	9.280852E-06	0.000000E+00	1.755163E-13	9.501588E-13	5.475122E-08	4.843712E-13	3.848674E-09	1.018689E-05	2.431057E-07	1.469392E-05	1.122451E-07	1.144505E-08	5.144655E-06	9.969285E-03
9.008369E-03	1.609409E+03	0.000000E+00	9.899470E-01	7.100381E-06	1.801616E-13	1.339162E-10	1.196925E-06	2.956376E-05	1.569883E-05	0.000000E+00	3.533469E-13	1.030072E-12	3.462255E-07	5.118017E-12	1.524797E-08	1.616361E-05	6.401243E-07	3.618678E-05	1.494935E-07	4.608253E-08	8.612992E-06	9.937258E-03
1.304667E-02	1.609030E+03	0.000000E+00	9.899012E-01	1.036569E-05	4.182774E-13	1.969589E-10	1.244758E-06	6.476744E-05	2.359676E-05	0.000000E+00	6.127538E-13	1.115779E-12	1.461090E-06	3.309797E-11	4.419468E-08	2.317636E-05	1.392425E-06	7.308709E-05	1.926300E-07	1.364832E-07	1.254564E-05	9.886829E-03
1.818450E-02	1.608462E+03	0.000000E+00	9.898234E-01	1.422218E-05	9.107224E-13	2.833892E-10	1.325648E-06	1.289931E-04	3.423406E-05	0.000000E+00	1.010179E-12	1.271022E-12	5.222103E-06	1.791024E-10	1.112709E-07	3.197648E-05	2.864648E-06	1.353737E-04	2.437102E-07	3.595264E-07	1.709267E-05	9.804612E-03
2.542949E-02	1.607529E+03	0.000000E+00	9.896781E-01	1.895137E-05	2.028534E-12	4.128063E-10	1.453745E-06	2.550724E-04	5.062396E-05	0.000000E+00	1.682597E-12	1.555269E-12	1.821216E-05	9.866488E-10	2.666430E-07	4.403293E-05	6.148357E-06	2.447383E-04	3.052707E-07	9.489137E-07	2.243261E-05	9.658713E-03
3.267449E-02	1.606496E+03	0.000000E+00	9.894942E-01	2.281099E-05	3.659018E-12	5.401425E-10	1.571422E-06	4.197106E-04	6.871581E-05	0.000000E+00	2.458277E-12	1.862492E-12	4.442336E-05	3.463507E-09	4.815951E-07	5.525336E-05	1.116791E-05	3.680679E-04	3.528087E-07	1.934995E-06	2.647128E-05	9.484800E-03
3.991948E-02	1.605409E+03	0.000000E+00	9.892760E-01	2.588231E-05	5.724067E-12	6.543100E-10	1.662969E-06	6.187751E-04	8.832309E-05	0.000000E+00	3.295773E-12	2.142316E-12	8.726424E-05	9.167960E-09	7.330147E-07	6.508485E-05	1.819862E-05	4.944587E-04	3.869749E-07	3.356221E-06	2.934729E-05	9.290492E-03
4.764343E-02	1.604235E+03	0.000000E+00	9.890109E-01	2.843942E-05	8.236940E-12	7.548542E-10	1.728147E-06	8.637383E-04	1.105255E-04	0.000000E+00	4.203205E-12	2.379259E-12	1.530990E-04	2.093272E-08	1.014216E-06	7.358555E-05	2.803656E-05	6.235717E-04	4.110005E-07	5.326617E-06	3.137958E-05	9.068237E-03
5.872006E-02	1.602576E+03	0.000000E+00	9.885835E-01	3.112020E-05	1.201491E-11	8.590738E-10	1.771254E-06	1.262842E-03	1.438714E-04	0.000000E+00	5.428788E-12	2.594536E-12	2.835798E-04	5.261141E-08	1.397723E-06	8.196330E-05	4.615876E-05	7.873492E-04	4.285756E-07	8.787079E-06	3.293059E-05	8.734257E-03
6.979668E-02	1.600982E+03	0.000000E+00	9.881150E-01	3.295578E-05	1.558552E-11	9.226562E-10	1.770926E-06	1.703907E-03	1.780201E-04	0.000000E+00	6.469677E-12	2.682162E-12	4.520923E-04	1.069849E-07	1.723572E-06	8.637695E-05	6.821481E-05	9.195519E-04	4.323355E-07	1.265361E-05	3.339325E-05	8.393761E-03
8.087331E-02	1.599466E+03	0.000000E+00	9.876199E-01	3.419358E-05	1.867795E-11	9.555721E-10	1.742357E-06	2.172612E-03	2.121460E-04	0.000000E+00	7.274958E-12	2.675401E-12	6.511751E-04	1.880453E-07	1.976917E-06	8.788519E-05	9.305205E-05	1.019725E-03	4.271664E-07	1.657008E-05	3.316522E-05	8.055224E-03
9.194994E-02	1.598028E+03	0.000000E+00	9.871102E-01	3.500671E-05	2.119119E-11	9.670406E-10	1.696608E-06	2.656940E-03	2.456767E-04	0.000000E+00	7.839500E-12	2.605318E-12	8.727857E-04	2.976705E-07	2.158787E-06	8.753792E-05	1.195614E-04	1.091046E-03	4.164294E-07	2.028635E-05	3.250923E-05	7.723924E-03
1.030266E-01	1.596665E+03	0.000000E+00	9.865953E-01	3.552133E-05	2.313215E-11	9.644176E-10	1.641360E-06	3.147358E-03	2.782429E-04	0.000000E+00	8.185895E-12	2.496622E-12	1.109571E-03	4.359593E-07	2.278098E-06	8.613853E-05	1.468511E-04	1.138015E-03	4.024338E-07	2.366582E-05	3.160020E-05	7.402985E-03
1.162501E-01	1.595127E+03	0.000000E+00	9.859838E-01	3.587224E-05	2.478834E-11	9.502469E-10	1.569998E-06	3.730904E-03	3.155630E-04	0.000000E+00	8.363585E-12	2.340983E-12	1.403662E-03	6.369015E-07	2.354724E-06	8.381951E-05	1.795707E-04	1.168596E-03	3.835929E-07	2.719033E-05	3.034187E-05	7.035687E-03
1.330519E-01	1.593301E+03	0.000000E+00	9.852243E-01	3.606284E-05	2.606617E-11	9.235942E-10	1.478383E-06	4.457007E-03	3.603000E-04	0.000000E+00	8.315358E-12	2.130941E-12	1.783652E-03	9.432918E-07	2.376653E-06	8.059135E-05	2.203668E-04	1.177642E-03	3.586679E-07	3.088225E-05	2.864440E-05	6.595420E-03
1.498537E-01	1.591605E+03	0.000000E+00	9.844937E-01	3.609472E-05	2.667359E-11	8.935023E-10	1.390549E-06	5.156262E-03	4.019927E-04	0.000000E+00	8.066408E-12	1.926635E-12	2.160540E-03	1.298937E-06	2.342616E-06	7.748159E-05	2.596076E-04	1.163622E-03	3.342622E-07	3.379699E-05	2.695561E-05	6.184603E-03
1.666555E-01	1.590027E+03	0.000000E+00	9.837975E-01	3.604621E-05	2.682929E-11	8.631925E-10	1.308496E-06	5.823084E-03	4.407540E-04	0.000000E+00	7.701764E-12	1.737186E-12	2.527423E-03	1.695139E-06	2.274404E-06	7.465136E-05	2.969689E-04	1.134649E-03	3.111673E-07	3.606914E-05	2.533495E-05	5.801902E-03
1.866193E-01	1.588291E+03	0.000000E+00	9.830182E-01	3.593974E-05	2.664048E-11	8.285637E-10	1.218930E-06	6.570056E-03	4.832549E-04	0.000000E+00	7.195368E-12	1.534844E-12	2.944956E-03	2.207393E-06	2.168451E-06	7.167757E-05	3.387978E-04	1.088463E-03	2.857819E-07	3.810340E-05	2.352710E-05	5.381187E-03
2.118530E-01	1.586291E+03	0.000000E+00	9.821077E-01	3.577483E-05	2.606677E-11	7.875429E-10	1.117040E-06	7.443088E-03	5.319560E-04	0.000000E+00	6.522996E-12	1.313195E-12	3.439496E-03	2.901541E-06	2.016924E-06	6.844482E-05	3.877626E-04	1.020718E-03	2.568877E-07	3.988400E-05	2.143211E-05	4.897482E-03
2.370867E-01	1.584486E+03	0.000000E+00	9.812774E-01	3.559781E-05	2.530269E-11	7.491912E-10	1.025962E-06	8.239470E-03	5.756604E-04	0.000000E+00	5.868172E-12	1.124891E-12	3.895140E-03	3.628740E-06	1.860772E-06	6.567355E-05	4.326221E-04	9.493842E-04	2.312470E-07	4.101016E-05	1.953569E-05	4.461796E-03
2.623205E-01	1.582854E+03	0.000000E+00	9.805220E-01	3.541434E-05	2.445599E-11	7.128159E-10	9.439072E-07	8.964098E-03	6.149472E-04	0.000000E+00	5.256518E-12	9.645556E-13	4.312484E-03	4.372296E-06	1.708411E-06	6.325051E-05	4.737025E-04	8.786551E-04	2.084538E-07	4.165555E-05	1.781687E-05	4.068753E-03
2.927286E-01	1.581093E+03	0.000000E+00	9.797029E-01	3.518309E-05	2.340280E-11	6.708244E-10	8.550485E-07	9.749955E-03	6.571235E-04	0.000000E+00	4.588739E-12	8.020503E-13	4.767292E-03	5.271493E-06	1.535417E-06	6.067850E-05	5.186441E-04	7.972961E-04	1.842426E-07	4.196409E-05	1.595356E-05	3.645205E-03
3.317606E-01	1.579120E+03	0.000000E+00	9.787817E-01	3.486276E-05	2.206495E-11	6.195779E-10	7.544082E-07	1.063369E-02	7.040906E-04	0.000000E+00	3.843340E-12	6.332639E-13	5.280739E-03	6.404891E-06	1.334252E-06	5.779235E-05	5.698115E-04	7.015788E-04	1.575666E-07	4.182334E-05	1.385136E-05	3.171368E-03
3.692954E-01	1.577485E+03	0.000000E+00	9.780167E-01	3.452228E-05	2.080829E-11	5.773820E-10	6.696431E-07	1.136770E-02	7.427556E-04	0.000000E+00	3.234230E-12	5.046239E-13	5.708352E-03	7.451101E-06	1.163618E-06	5.534818E-05	6.129448E-04	6.196163E-04	1.358073E-07	4.129197E-05	1.209499E-05	2.779266E-03
3.883283E-01	1.576743E+03	0.000000E+00	9.776687E-01	3.433585E-05	2.020860E-11	5.469648E-10	6.306118E-07	1.170157E-02	7.602395E-04	0.000000E+00	2.962422E-12	4.497404E-13	5.903125E-03	7.960363E-06	1.085274E-06	5.420834E-05	6.327930E-04	5.817679E-04	1.260230E-07	4.091487E-05	1.129217E-05	2.601253E-03
4.073611E-01	1.576054E+03	0.000000E+00	9.773450E-01	3.413966E-05	1.962356E-11	5.234500E-10	5.940054E-07	1.201210E-02	7.764403E-04	0.000000E+00	2.713659E-12	4.008894E-13	6.084405E-03	8.453648E-06	1.012114E-06	5.312601E-05	6.513997E-04	5.463016E-04	1.169864E-07	4.048139E-05	1.054315E-05	2.435851E-03
4.263940E-01	1.575414E+03	0.000000E+00	9.770439E-01	3.393358E-05	1.905572E-11	5.008178E-10	5.596746E-07	1.230098E-02	7.914559E-04	0.000000E+00	2.485792E-12	3.574042E-13	6.253138E-03	8.930139E-06	9.438656E-07	5.209553E-05	6.688484E-04	5.131060E-04	1.086360E-07	4.000118E-05	9.844379E-06	2.282114E-03
4.454268E-01	1.574819E+03	0.000000E+00	9.767638E-01	3.371765E-05	1.850547E-11	4.788744E-10	5.274821E-07	1.256977E-02	8.053762E-04	0.000000E+00	2.277162E-12	3.187125E-13	6.410210E-03	9.389314E-06	8.802488E-07	5.111210E-05	6.852167E-04	4.820613E-04	1.009165E-07	3.948236E-05	9.192542E-06	2.139173E-03
4.644596E-01	1.574265E+03	0.000000E+00	9.765031E-01	3.349199E-05	1.797304E-11	4.577706E-10	4.973017E-07	1.281992E-02	8.182841E-04	0.000000E+00	2.086283E-12	2.843032E-13	6.556453E-03	9.830901E-06	8.209854E-07	5.017158E-05	7.005776E-04	4.530446E-04	9.377785E-08	3.893182E-05	8.584583E-06	2.006226E-03
4.834925E-01	1.573751E+03	0.000000E+00	9.762604E-01	3.325688E-05	1.745785E-11	4.374170E-10	4.690172E-07	1.305280E-02	8.302558E-04	0.000000E+00	1.911750E-12	2.537165E-13	6.692640E-03	1.025483E-05	7.658035E-07	4.927040E-05	7.149989E-04	4.259336E-04	8.717429E-08	3.835542E-05	8.017647E-06	1.882537E-03
5.025253E-01	1.573273E+03	0.000000E+00	9.760344E-01	3.301266E-05	1.696461E-11	4.147560E-10	4.425200E-07	1.326964E-02	8.413616E-04	0.000000E+00	1.752265E-12	2.265388E-13	6.819491E-03	1.066121E-05	7.144409E-07	4.840538E-05	7.285440E-04	4.006090E-04	8.106409E-08	3.775817E-05	7.489066E-06	1.767421E-03
5.215582E-01	1.572829E+03	0.000000E+00	9.758239E-01	3.275974E-05	1.648962E-11	3.960876E-10	4.177019E-07	1.347162E-02	8.516665E-04	0.000000E+00	1.606932E-12	2.024103E-13	6.937677E-03	1.105028E-05	6.666475E-07	4.757375E-05	7.412724E-04	3.769556E-04	7.540939E-08	3.714441E-05	6.996330E-06	1.660250E-03
5.405910E-01	1.572415E+03	0.000000E+00	9.756278E-01	3.249860E-05	1.602989E-11	3.768195E-10	3.944649E-07	1.365981E-02	8.612307E-04	0.000000E+00	1.474113E-12	1.809821E-13	7.047820E-03	1.142239E-05	6.221848E-07	4.677300E-05	7.532394E-04	3.548635E-04	7.017471E-08	3.651783E-05	6.537095E-06	1.560442E-03
5.596239E-01	1.572030E+03	0.000000E+00	9.754450E-01	3.222978E-05	1.558802E-11	3.586010E-10	3.727200E-07	1.383521E-02	8.701097E-04	0.000000E+00	1.352860E-12	1.619601E-13	7.150499E-03	1.177798E-05	5.808278E-07	4.600089E-05	7.644966E-04	3.342283E-04	6.532803E-08	3.588165E-05	6.109152E-06	1.467458E-03
5.938952E-01	1.571404E+03	0.000000E+00	9.751465E-01	3.172810E-05	1.483747E-11	3.276285E-10	3.370420E-07	1.412170E-02	8.845311E-04	0.000000E+00	1.160770E-12	1.329368E-13	7.318254E-03	1.237825E-05	5.135197E-07	4.467652E-05	7.831291E-04	3.004346E-04	5.748600E-08	3.472056E-05	5.410937E-06	1.315669E-03
6.538466E-01	1.570485E+03	0.000000E+00	9.747060E-01	3.080524E-05	1.365739E-11	2.791300E-10	2.841248E-07	1.454448E-02	9.055996E-04	0.000000E+00	8.927511E-13	9.497365E-14	7.565922E-03	1.331357E-05	4.150100E-07	4.253772E-05	8.113113E-04	2.503673E-04	4.611216E-08	3.267429E-05	4.384822E-06	1.091869E-03
7.278735E-01	1.569602E+03	0.000000E+00	9.742777E-01	2.961023E-05	1.241660E-11	2.286449E-10	2.325600E-07	1.495569E-02	9.257894E-04	0.000000E+00	6.530114E-13	6.393177E-14	7.806956E-03	1.429191E-05	3.206746E-07	4.015541E-05	8.397937E-04	2.014422E-04	3.533998E-08	3.018250E-05	3.397046E-06	8.744311E-04
7.971145E-01	1.568968E+03	0.000000E+00	9.739660E-01	2.846404E-05	1.144199E-11	1.890782E-10	1.951494E-07	1.525500E-02	9.402485E-04	0.000000E+00	4.936627E-13	4.515288E-14	7.982519E-03	1.505966E-05	2.534342E-07	3.813663E-05	8.614971E-04	1.656762E-04	2.773888E-08	2.793490E-05	2.689663E-06	7.163110E-04
8.519978E-01	1.568567E+03	0.000000E+00	9.737663E-01	2.755162E-05	1.078471E-11	1.661441E-10	1.713063E-07	1.544683E-02	9.493869E-04	0.000000E+00	3.990801E-13	3.485718E-14	8.095113E-03	1.558472E-05	2.112421E-07	3.665590E-05	8.760275E-04	1.426740E-04	2.300541E-08	2.622986E-05	2.244297E-06	6.150295E-04
8.952608E-01	1.568304E+03	0.000000E+00	9.736327E-01	2.683670E-05	1.032730E-11	1.487937E-10	1.554401E-07	1.557516E-02	9.554349E-04	0.000000E+00	3.398973E-13	2.871824E-14	8.170479E-03	1.595467E-05	1.835277E-07	3.555334E-05	8.861128E-04	1.272455E-04	1.991282E-08	2.493952E-05	1.951103E-06	5.472948E-04
9.243079E-01	1.568148E+03	0.000000E+00	9.735530E-01	2.636090E-05	1.004748E-11	1.381273E-10	1.460162E-07	1.565167E-02	9.590131E-04	0.000000E+00	3.059184E-13	2.535309E-14	8.215432E-03	1.618398E-05	1.672375E-07	3.484208E-05	8.922990E-04	1.180292E-04	1.810169E-08	2.410108E-05	1.778523E-06	5.069164E-04
9.614425E-01	1.567972E+03	0.000000E+00	9.734615E-01	2.575928E-05	9.718266E-12	1.262414E-10	1.352192E-07	1.573961E-02	9.630984E-04	0.000000E+00	2.683406E-13	2.175011E-14	8.267126E-03	1.645717E-05	1.487605E-07	3.396422E-05	8.996014E-04	1.074173E-04	1.605383E-08	2.306265E-05	1.582550E-06	4.605056E-04
1.039569E+00	1.567668E+03	0.000000E+00	9.733007E-01	2.452447E-05	9.115245E-12	1.054062E-10	1.163248E-07	1.589417E-02	9.702007E-04	0.000000E+00	2.061979E-13	1.609912E-14	8.358063E-03	1.696861E-05	1.170397E-07	3.222235E-05	9.130595E-04	8.870795E-05	1.255550E-08	2.100193E-05	1.245545E-06	3.789191E-04
1.156021E+00	1.567346E+03	0.000000E+00	9.731219E-01	2.277969E-05	8.396762E-12	8.208566E-11	9.538327E-08	1.606595E-02	9.779626E-04	0.000000E+00	1.433164E-13	1.081573E-14	8.459303E-03	1.760387E-05	8.321150E-08	2.985799E-05	9.293259E-04	6.780112E-05	8.852867E-09	1.823905E-05	8.853659E-07	2.881672E-04
1.272472E+00	1.567131E+03	0.000000E+00	9.729945E-01	2.116460E-05	7.837456E-12	6.541047E-11	8.034797E-08	1.618848E-02	9.834020E-04	0.000000E+00	1.027414E-13	7.661759E-15	8.531678E-03	1.812591E-05	6.030444E-08	2.773214E-05	9.422209E-04	5.278539E-05	6.366042E-09	1.582769E-05	6.410242E-07	2.233214E-04
1.388923E+00	1.566988E+03	0.000000E+00	9.729019E-01	1.968340E-05	7.391235E-12	5.334919E-11	6.920975E-08	1.627749E-02	9.872973E-04	0.000000E+00	7.568260E-14	5.672206E-15	8.584391E-03	1.856529E-05	4.451110E-08	2.581227E-05	9.526435E-04	4.179619E-05	4.663897E-09	1.373806E-05	4.723819E-07	1.760860E-04
1.500000E+00	1.566897E+03	0.000000E+00	9.728363E-01	1.839184E-05	7.041721E-12	4.389984E-11	6.105154E-08	1.634065E-02	9.900307E-04	0.000000E+00	5.789492E-14	4.403600E-15	8.621896E-03	1.892650E-05	3.385854E-08	2.415013E-05	9.608414E-04	3.393862E-05	3.523182E-09	1.201341E-05	3.585800E-07	1.424531E-04
